numpy 1.23.5
Namespace(model='t4', clk=500000000.0, fps=30.0, dtype=8)
l.stripe.shape (15400,) [0.0000e+00 1.0000e+00 2.0000e+00 ... 1.5397e+04 1.5398e+04 1.5399e+04]
l.stripe.shape (4, 275, 14) [[[0.0000e+00 1.0000e+00 2.0000e+00 ... 1.1000e+01 1.2000e+01 1.3000e+01]
  [1.4000e+01 1.5000e+01 1.6000e+01 ... 2.5000e+01 2.6000e+01 2.7000e+01]
  [2.8000e+01 2.9000e+01 3.0000e+01 ... 3.9000e+01 4.0000e+01 4.1000e+01]
  ...
  [3.8080e+03 3.8090e+03 3.8100e+03 ... 3.8190e+03 3.8200e+03 3.8210e+03]
  [3.8220e+03 3.8230e+03 3.8240e+03 ... 3.8330e+03 3.8340e+03 3.8350e+03]
  [3.8360e+03 3.8370e+03 3.8380e+03 ... 3.8470e+03 3.8480e+03 3.8490e+03]]

 [[3.8500e+03 3.8510e+03 3.8520e+03 ... 3.8610e+03 3.8620e+03 3.8630e+03]
  [3.8640e+03 3.8650e+03 3.8660e+03 ... 3.8750e+03 3.8760e+03 3.8770e+03]
  [3.8780e+03 3.8790e+03 3.8800e+03 ... 3.8890e+03 3.8900e+03 3.8910e+03]
  ...
  [7.6580e+03 7.6590e+03 7.6600e+03 ... 7.6690e+03 7.6700e+03 7.6710e+03]
  [7.6720e+03 7.6730e+03 7.6740e+03 ... 7.6830e+03 7.6840e+03 7.6850e+03]
  [7.6860e+03 7.6870e+03 7.6880e+03 ... 7.6970e+03 7.6980e+03 7.6990e+03]]

 [[7.7000e+03 7.7010e+03 7.7020e+03 ... 7.7110e+03 7.7120e+03 7.7130e+03]
  [7.7140e+03 7.7150e+03 7.7160e+03 ... 7.7250e+03 7.7260e+03 7.7270e+03]
  [7.7280e+03 7.7290e+03 7.7300e+03 ... 7.7390e+03 7.7400e+03 7.7410e+03]
  ...
  [1.1508e+04 1.1509e+04 1.1510e+04 ... 1.1519e+04 1.1520e+04 1.1521e+04]
  [1.1522e+04 1.1523e+04 1.1524e+04 ... 1.1533e+04 1.1534e+04 1.1535e+04]
  [1.1536e+04 1.1537e+04 1.1538e+04 ... 1.1547e+04 1.1548e+04 1.1549e+04]]

 [[1.1550e+04 1.1551e+04 1.1552e+04 ... 1.1561e+04 1.1562e+04 1.1563e+04]
  [1.1564e+04 1.1565e+04 1.1566e+04 ... 1.1575e+04 1.1576e+04 1.1577e+04]
  [1.1578e+04 1.1579e+04 1.1580e+04 ... 1.1589e+04 1.1590e+04 1.1591e+04]
  ...
  [1.5358e+04 1.5359e+04 1.5360e+04 ... 1.5369e+04 1.5370e+04 1.5371e+04]
  [1.5372e+04 1.5373e+04 1.5374e+04 ... 1.5383e+04 1.5384e+04 1.5385e+04]
  [1.5386e+04 1.5387e+04 1.5388e+04 ... 1.5397e+04 1.5398e+04 1.5399e+04]]]
l.stripe.shape (4, 14, 275) [[[0.0000e+00 1.0000e+00 2.0000e+00 ... 2.7200e+02 2.7300e+02 2.7400e+02]
  [2.7500e+02 2.7600e+02 2.7700e+02 ... 5.4700e+02 5.4800e+02 5.4900e+02]
  [5.5000e+02 5.5100e+02 5.5200e+02 ... 8.2200e+02 8.2300e+02 8.2400e+02]
  ...
  [3.0250e+03 3.0260e+03 3.0270e+03 ... 3.2970e+03 3.2980e+03 3.2990e+03]
  [3.3000e+03 3.3010e+03 3.3020e+03 ... 3.5720e+03 3.5730e+03 3.5740e+03]
  [3.5750e+03 3.5760e+03 3.5770e+03 ... 3.8470e+03 3.8480e+03 3.8490e+03]]

 [[3.8500e+03 3.8510e+03 3.8520e+03 ... 4.1220e+03 4.1230e+03 4.1240e+03]
  [4.1250e+03 4.1260e+03 4.1270e+03 ... 4.3970e+03 4.3980e+03 4.3990e+03]
  [4.4000e+03 4.4010e+03 4.4020e+03 ... 4.6720e+03 4.6730e+03 4.6740e+03]
  ...
  [6.8750e+03 6.8760e+03 6.8770e+03 ... 7.1470e+03 7.1480e+03 7.1490e+03]
  [7.1500e+03 7.1510e+03 7.1520e+03 ... 7.4220e+03 7.4230e+03 7.4240e+03]
  [7.4250e+03 7.4260e+03 7.4270e+03 ... 7.6970e+03 7.6980e+03 7.6990e+03]]

 [[7.7000e+03 7.7010e+03 7.7020e+03 ... 7.9720e+03 7.9730e+03 7.9740e+03]
  [7.9750e+03 7.9760e+03 7.9770e+03 ... 8.2470e+03 8.2480e+03 8.2490e+03]
  [8.2500e+03 8.2510e+03 8.2520e+03 ... 8.5220e+03 8.5230e+03 8.5240e+03]
  ...
  [1.0725e+04 1.0726e+04 1.0727e+04 ... 1.0997e+04 1.0998e+04 1.0999e+04]
  [1.1000e+04 1.1001e+04 1.1002e+04 ... 1.1272e+04 1.1273e+04 1.1274e+04]
  [1.1275e+04 1.1276e+04 1.1277e+04 ... 1.1547e+04 1.1548e+04 1.1549e+04]]

 [[1.1550e+04 1.1551e+04 1.1552e+04 ... 1.1822e+04 1.1823e+04 1.1824e+04]
  [1.1825e+04 1.1826e+04 1.1827e+04 ... 1.2097e+04 1.2098e+04 1.2099e+04]
  [1.2100e+04 1.2101e+04 1.2102e+04 ... 1.2372e+04 1.2373e+04 1.2374e+04]
  ...
  [1.4575e+04 1.4576e+04 1.4577e+04 ... 1.4847e+04 1.4848e+04 1.4849e+04]
  [1.4850e+04 1.4851e+04 1.4852e+04 ... 1.5122e+04 1.5123e+04 1.5124e+04]
  [1.5125e+04 1.5126e+04 1.5127e+04 ... 1.5397e+04 1.5398e+04 1.5399e+04]]]
layer    0 nstripe   14 stride    1 sdepth   3300 wdepth     31 rate 5.375e+10 nmac    108 shapes [   1 2160 3840    3] [   1 2158 3838    8] [8 3 3 3] [8]
l.stripe.shape (19215,) [0.0000e+00 1.0000e+00 2.0000e+00 ... 1.9212e+04 1.9213e+04 1.9214e+04]
l.stripe.shape (5, 427, 9) [[[0.0000e+00 1.0000e+00 2.0000e+00 ... 6.0000e+00 7.0000e+00 8.0000e+00]
  [9.0000e+00 1.0000e+01 1.1000e+01 ... 1.5000e+01 1.6000e+01 1.7000e+01]
  [1.8000e+01 1.9000e+01 2.0000e+01 ... 2.4000e+01 2.5000e+01 2.6000e+01]
  ...
  [3.8160e+03 3.8170e+03 3.8180e+03 ... 3.8220e+03 3.8230e+03 3.8240e+03]
  [3.8250e+03 3.8260e+03 3.8270e+03 ... 3.8310e+03 3.8320e+03 3.8330e+03]
  [3.8340e+03 3.8350e+03 3.8360e+03 ... 3.8400e+03 3.8410e+03 3.8420e+03]]

 [[3.8430e+03 3.8440e+03 3.8450e+03 ... 3.8490e+03 3.8500e+03 3.8510e+03]
  [3.8520e+03 3.8530e+03 3.8540e+03 ... 3.8580e+03 3.8590e+03 3.8600e+03]
  [3.8610e+03 3.8620e+03 3.8630e+03 ... 3.8670e+03 3.8680e+03 3.8690e+03]
  ...
  [7.6590e+03 7.6600e+03 7.6610e+03 ... 7.6650e+03 7.6660e+03 7.6670e+03]
  [7.6680e+03 7.6690e+03 7.6700e+03 ... 7.6740e+03 7.6750e+03 7.6760e+03]
  [7.6770e+03 7.6780e+03 7.6790e+03 ... 7.6830e+03 7.6840e+03 7.6850e+03]]

 [[7.6860e+03 7.6870e+03 7.6880e+03 ... 7.6920e+03 7.6930e+03 7.6940e+03]
  [7.6950e+03 7.6960e+03 7.6970e+03 ... 7.7010e+03 7.7020e+03 7.7030e+03]
  [7.7040e+03 7.7050e+03 7.7060e+03 ... 7.7100e+03 7.7110e+03 7.7120e+03]
  ...
  [1.1502e+04 1.1503e+04 1.1504e+04 ... 1.1508e+04 1.1509e+04 1.1510e+04]
  [1.1511e+04 1.1512e+04 1.1513e+04 ... 1.1517e+04 1.1518e+04 1.1519e+04]
  [1.1520e+04 1.1521e+04 1.1522e+04 ... 1.1526e+04 1.1527e+04 1.1528e+04]]

 [[1.1529e+04 1.1530e+04 1.1531e+04 ... 1.1535e+04 1.1536e+04 1.1537e+04]
  [1.1538e+04 1.1539e+04 1.1540e+04 ... 1.1544e+04 1.1545e+04 1.1546e+04]
  [1.1547e+04 1.1548e+04 1.1549e+04 ... 1.1553e+04 1.1554e+04 1.1555e+04]
  ...
  [1.5345e+04 1.5346e+04 1.5347e+04 ... 1.5351e+04 1.5352e+04 1.5353e+04]
  [1.5354e+04 1.5355e+04 1.5356e+04 ... 1.5360e+04 1.5361e+04 1.5362e+04]
  [1.5363e+04 1.5364e+04 1.5365e+04 ... 1.5369e+04 1.5370e+04 1.5371e+04]]

 [[1.5372e+04 1.5373e+04 1.5374e+04 ... 1.5378e+04 1.5379e+04 1.5380e+04]
  [1.5381e+04 1.5382e+04 1.5383e+04 ... 1.5387e+04 1.5388e+04 1.5389e+04]
  [1.5390e+04 1.5391e+04 1.5392e+04 ... 1.5396e+04 1.5397e+04 1.5398e+04]
  ...
  [1.9188e+04 1.9189e+04 1.9190e+04 ... 1.9194e+04 1.9195e+04 1.9196e+04]
  [1.9197e+04 1.9198e+04 1.9199e+04 ... 1.9203e+04 1.9204e+04 1.9205e+04]
  [1.9206e+04 1.9207e+04 1.9208e+04 ... 1.9212e+04 1.9213e+04 1.9214e+04]]]
l.stripe.shape (5, 9, 427) [[[0.0000e+00 1.0000e+00 2.0000e+00 ... 4.2400e+02 4.2500e+02 4.2600e+02]
  [4.2700e+02 4.2800e+02 4.2900e+02 ... 8.5100e+02 8.5200e+02 8.5300e+02]
  [8.5400e+02 8.5500e+02 8.5600e+02 ... 1.2780e+03 1.2790e+03 1.2800e+03]
  ...
  [2.5620e+03 2.5630e+03 2.5640e+03 ... 2.9860e+03 2.9870e+03 2.9880e+03]
  [2.9890e+03 2.9900e+03 2.9910e+03 ... 3.4130e+03 3.4140e+03 3.4150e+03]
  [3.4160e+03 3.4170e+03 3.4180e+03 ... 3.8400e+03 3.8410e+03 3.8420e+03]]

 [[3.8430e+03 3.8440e+03 3.8450e+03 ... 4.2670e+03 4.2680e+03 4.2690e+03]
  [4.2700e+03 4.2710e+03 4.2720e+03 ... 4.6940e+03 4.6950e+03 4.6960e+03]
  [4.6970e+03 4.6980e+03 4.6990e+03 ... 5.1210e+03 5.1220e+03 5.1230e+03]
  ...
  [6.4050e+03 6.4060e+03 6.4070e+03 ... 6.8290e+03 6.8300e+03 6.8310e+03]
  [6.8320e+03 6.8330e+03 6.8340e+03 ... 7.2560e+03 7.2570e+03 7.2580e+03]
  [7.2590e+03 7.2600e+03 7.2610e+03 ... 7.6830e+03 7.6840e+03 7.6850e+03]]

 [[7.6860e+03 7.6870e+03 7.6880e+03 ... 8.1100e+03 8.1110e+03 8.1120e+03]
  [8.1130e+03 8.1140e+03 8.1150e+03 ... 8.5370e+03 8.5380e+03 8.5390e+03]
  [8.5400e+03 8.5410e+03 8.5420e+03 ... 8.9640e+03 8.9650e+03 8.9660e+03]
  ...
  [1.0248e+04 1.0249e+04 1.0250e+04 ... 1.0672e+04 1.0673e+04 1.0674e+04]
  [1.0675e+04 1.0676e+04 1.0677e+04 ... 1.1099e+04 1.1100e+04 1.1101e+04]
  [1.1102e+04 1.1103e+04 1.1104e+04 ... 1.1526e+04 1.1527e+04 1.1528e+04]]

 [[1.1529e+04 1.1530e+04 1.1531e+04 ... 1.1953e+04 1.1954e+04 1.1955e+04]
  [1.1956e+04 1.1957e+04 1.1958e+04 ... 1.2380e+04 1.2381e+04 1.2382e+04]
  [1.2383e+04 1.2384e+04 1.2385e+04 ... 1.2807e+04 1.2808e+04 1.2809e+04]
  ...
  [1.4091e+04 1.4092e+04 1.4093e+04 ... 1.4515e+04 1.4516e+04 1.4517e+04]
  [1.4518e+04 1.4519e+04 1.4520e+04 ... 1.4942e+04 1.4943e+04 1.4944e+04]
  [1.4945e+04 1.4946e+04 1.4947e+04 ... 1.5369e+04 1.5370e+04 1.5371e+04]]

 [[1.5372e+04 1.5373e+04 1.5374e+04 ... 1.5796e+04 1.5797e+04 1.5798e+04]
  [1.5799e+04 1.5800e+04 1.5801e+04 ... 1.6223e+04 1.6224e+04 1.6225e+04]
  [1.6226e+04 1.6227e+04 1.6228e+04 ... 1.6650e+04 1.6651e+04 1.6652e+04]
  ...
  [1.7934e+04 1.7935e+04 1.7936e+04 ... 1.8358e+04 1.8359e+04 1.8360e+04]
  [1.8361e+04 1.8362e+04 1.8363e+04 ... 1.8785e+04 1.8786e+04 1.8787e+04]
  [1.8788e+04 1.8789e+04 1.8790e+04 ... 1.9212e+04 1.9213e+04 1.9214e+04]]]
layer    1 nstripe    9 stride    2 sdepth  17080 wdepth     76 rate 3.578e+10 nmac     72 shapes [   1 2158 3838    8] [   1 1078 1918    8] [8 3 3 8] [8]
l.stripe.shape (7704,) [0.000e+00 1.000e+00 2.000e+00 ... 7.701e+03 7.702e+03 7.703e+03]
l.stripe.shape (4, 214, 9) [[[0.000e+00 1.000e+00 2.000e+00 ... 6.000e+00 7.000e+00 8.000e+00]
  [9.000e+00 1.000e+01 1.100e+01 ... 1.500e+01 1.600e+01 1.700e+01]
  [1.800e+01 1.900e+01 2.000e+01 ... 2.400e+01 2.500e+01 2.600e+01]
  ...
  [1.899e+03 1.900e+03 1.901e+03 ... 1.905e+03 1.906e+03 1.907e+03]
  [1.908e+03 1.909e+03 1.910e+03 ... 1.914e+03 1.915e+03 1.916e+03]
  [1.917e+03 1.918e+03 1.919e+03 ... 1.923e+03 1.924e+03 1.925e+03]]

 [[1.926e+03 1.927e+03 1.928e+03 ... 1.932e+03 1.933e+03 1.934e+03]
  [1.935e+03 1.936e+03 1.937e+03 ... 1.941e+03 1.942e+03 1.943e+03]
  [1.944e+03 1.945e+03 1.946e+03 ... 1.950e+03 1.951e+03 1.952e+03]
  ...
  [3.825e+03 3.826e+03 3.827e+03 ... 3.831e+03 3.832e+03 3.833e+03]
  [3.834e+03 3.835e+03 3.836e+03 ... 3.840e+03 3.841e+03 3.842e+03]
  [3.843e+03 3.844e+03 3.845e+03 ... 3.849e+03 3.850e+03 3.851e+03]]

 [[3.852e+03 3.853e+03 3.854e+03 ... 3.858e+03 3.859e+03 3.860e+03]
  [3.861e+03 3.862e+03 3.863e+03 ... 3.867e+03 3.868e+03 3.869e+03]
  [3.870e+03 3.871e+03 3.872e+03 ... 3.876e+03 3.877e+03 3.878e+03]
  ...
  [5.751e+03 5.752e+03 5.753e+03 ... 5.757e+03 5.758e+03 5.759e+03]
  [5.760e+03 5.761e+03 5.762e+03 ... 5.766e+03 5.767e+03 5.768e+03]
  [5.769e+03 5.770e+03 5.771e+03 ... 5.775e+03 5.776e+03 5.777e+03]]

 [[5.778e+03 5.779e+03 5.780e+03 ... 5.784e+03 5.785e+03 5.786e+03]
  [5.787e+03 5.788e+03 5.789e+03 ... 5.793e+03 5.794e+03 5.795e+03]
  [5.796e+03 5.797e+03 5.798e+03 ... 5.802e+03 5.803e+03 5.804e+03]
  ...
  [7.677e+03 7.678e+03 7.679e+03 ... 7.683e+03 7.684e+03 7.685e+03]
  [7.686e+03 7.687e+03 7.688e+03 ... 7.692e+03 7.693e+03 7.694e+03]
  [7.695e+03 7.696e+03 7.697e+03 ... 7.701e+03 7.702e+03 7.703e+03]]]
l.stripe.shape (4, 9, 214) [[[0.000e+00 1.000e+00 2.000e+00 ... 2.110e+02 2.120e+02 2.130e+02]
  [2.140e+02 2.150e+02 2.160e+02 ... 4.250e+02 4.260e+02 4.270e+02]
  [4.280e+02 4.290e+02 4.300e+02 ... 6.390e+02 6.400e+02 6.410e+02]
  ...
  [1.284e+03 1.285e+03 1.286e+03 ... 1.495e+03 1.496e+03 1.497e+03]
  [1.498e+03 1.499e+03 1.500e+03 ... 1.709e+03 1.710e+03 1.711e+03]
  [1.712e+03 1.713e+03 1.714e+03 ... 1.923e+03 1.924e+03 1.925e+03]]

 [[1.926e+03 1.927e+03 1.928e+03 ... 2.137e+03 2.138e+03 2.139e+03]
  [2.140e+03 2.141e+03 2.142e+03 ... 2.351e+03 2.352e+03 2.353e+03]
  [2.354e+03 2.355e+03 2.356e+03 ... 2.565e+03 2.566e+03 2.567e+03]
  ...
  [3.210e+03 3.211e+03 3.212e+03 ... 3.421e+03 3.422e+03 3.423e+03]
  [3.424e+03 3.425e+03 3.426e+03 ... 3.635e+03 3.636e+03 3.637e+03]
  [3.638e+03 3.639e+03 3.640e+03 ... 3.849e+03 3.850e+03 3.851e+03]]

 [[3.852e+03 3.853e+03 3.854e+03 ... 4.063e+03 4.064e+03 4.065e+03]
  [4.066e+03 4.067e+03 4.068e+03 ... 4.277e+03 4.278e+03 4.279e+03]
  [4.280e+03 4.281e+03 4.282e+03 ... 4.491e+03 4.492e+03 4.493e+03]
  ...
  [5.136e+03 5.137e+03 5.138e+03 ... 5.347e+03 5.348e+03 5.349e+03]
  [5.350e+03 5.351e+03 5.352e+03 ... 5.561e+03 5.562e+03 5.563e+03]
  [5.564e+03 5.565e+03 5.566e+03 ... 5.775e+03 5.776e+03 5.777e+03]]

 [[5.778e+03 5.779e+03 5.780e+03 ... 5.989e+03 5.990e+03 5.991e+03]
  [5.992e+03 5.993e+03 5.994e+03 ... 6.203e+03 6.204e+03 6.205e+03]
  [6.206e+03 6.207e+03 6.208e+03 ... 6.417e+03 6.418e+03 6.419e+03]
  ...
  [7.062e+03 7.063e+03 7.064e+03 ... 7.273e+03 7.274e+03 7.275e+03]
  [7.276e+03 7.277e+03 7.278e+03 ... 7.487e+03 7.488e+03 7.489e+03]
  [7.490e+03 7.491e+03 7.492e+03 ... 7.701e+03 7.702e+03 7.703e+03]]]
layer    2 nstripe    9 stride    1 sdepth   6848 wdepth     76 rate 7.146e+10 nmac    143 shapes [   1 1078 1918    8] [   1 1076 1916   16] [16  3  3  8] [16]
l.stripe.shape (9600,) [0.000e+00 1.000e+00 2.000e+00 ... 9.597e+03 9.598e+03 9.599e+03]
l.stripe.shape (5, 384, 5) [[[0.000e+00 1.000e+00 2.000e+00 3.000e+00 4.000e+00]
  [5.000e+00 6.000e+00 7.000e+00 8.000e+00 9.000e+00]
  [1.000e+01 1.100e+01 1.200e+01 1.300e+01 1.400e+01]
  ...
  [1.905e+03 1.906e+03 1.907e+03 1.908e+03 1.909e+03]
  [1.910e+03 1.911e+03 1.912e+03 1.913e+03 1.914e+03]
  [1.915e+03 1.916e+03 1.917e+03 1.918e+03 1.919e+03]]

 [[1.920e+03 1.921e+03 1.922e+03 1.923e+03 1.924e+03]
  [1.925e+03 1.926e+03 1.927e+03 1.928e+03 1.929e+03]
  [1.930e+03 1.931e+03 1.932e+03 1.933e+03 1.934e+03]
  ...
  [3.825e+03 3.826e+03 3.827e+03 3.828e+03 3.829e+03]
  [3.830e+03 3.831e+03 3.832e+03 3.833e+03 3.834e+03]
  [3.835e+03 3.836e+03 3.837e+03 3.838e+03 3.839e+03]]

 [[3.840e+03 3.841e+03 3.842e+03 3.843e+03 3.844e+03]
  [3.845e+03 3.846e+03 3.847e+03 3.848e+03 3.849e+03]
  [3.850e+03 3.851e+03 3.852e+03 3.853e+03 3.854e+03]
  ...
  [5.745e+03 5.746e+03 5.747e+03 5.748e+03 5.749e+03]
  [5.750e+03 5.751e+03 5.752e+03 5.753e+03 5.754e+03]
  [5.755e+03 5.756e+03 5.757e+03 5.758e+03 5.759e+03]]

 [[5.760e+03 5.761e+03 5.762e+03 5.763e+03 5.764e+03]
  [5.765e+03 5.766e+03 5.767e+03 5.768e+03 5.769e+03]
  [5.770e+03 5.771e+03 5.772e+03 5.773e+03 5.774e+03]
  ...
  [7.665e+03 7.666e+03 7.667e+03 7.668e+03 7.669e+03]
  [7.670e+03 7.671e+03 7.672e+03 7.673e+03 7.674e+03]
  [7.675e+03 7.676e+03 7.677e+03 7.678e+03 7.679e+03]]

 [[7.680e+03 7.681e+03 7.682e+03 7.683e+03 7.684e+03]
  [7.685e+03 7.686e+03 7.687e+03 7.688e+03 7.689e+03]
  [7.690e+03 7.691e+03 7.692e+03 7.693e+03 7.694e+03]
  ...
  [9.585e+03 9.586e+03 9.587e+03 9.588e+03 9.589e+03]
  [9.590e+03 9.591e+03 9.592e+03 9.593e+03 9.594e+03]
  [9.595e+03 9.596e+03 9.597e+03 9.598e+03 9.599e+03]]]
l.stripe.shape (5, 5, 384) [[[0.000e+00 1.000e+00 2.000e+00 ... 3.810e+02 3.820e+02 3.830e+02]
  [3.840e+02 3.850e+02 3.860e+02 ... 7.650e+02 7.660e+02 7.670e+02]
  [7.680e+02 7.690e+02 7.700e+02 ... 1.149e+03 1.150e+03 1.151e+03]
  [1.152e+03 1.153e+03 1.154e+03 ... 1.533e+03 1.534e+03 1.535e+03]
  [1.536e+03 1.537e+03 1.538e+03 ... 1.917e+03 1.918e+03 1.919e+03]]

 [[1.920e+03 1.921e+03 1.922e+03 ... 2.301e+03 2.302e+03 2.303e+03]
  [2.304e+03 2.305e+03 2.306e+03 ... 2.685e+03 2.686e+03 2.687e+03]
  [2.688e+03 2.689e+03 2.690e+03 ... 3.069e+03 3.070e+03 3.071e+03]
  [3.072e+03 3.073e+03 3.074e+03 ... 3.453e+03 3.454e+03 3.455e+03]
  [3.456e+03 3.457e+03 3.458e+03 ... 3.837e+03 3.838e+03 3.839e+03]]

 [[3.840e+03 3.841e+03 3.842e+03 ... 4.221e+03 4.222e+03 4.223e+03]
  [4.224e+03 4.225e+03 4.226e+03 ... 4.605e+03 4.606e+03 4.607e+03]
  [4.608e+03 4.609e+03 4.610e+03 ... 4.989e+03 4.990e+03 4.991e+03]
  [4.992e+03 4.993e+03 4.994e+03 ... 5.373e+03 5.374e+03 5.375e+03]
  [5.376e+03 5.377e+03 5.378e+03 ... 5.757e+03 5.758e+03 5.759e+03]]

 [[5.760e+03 5.761e+03 5.762e+03 ... 6.141e+03 6.142e+03 6.143e+03]
  [6.144e+03 6.145e+03 6.146e+03 ... 6.525e+03 6.526e+03 6.527e+03]
  [6.528e+03 6.529e+03 6.530e+03 ... 6.909e+03 6.910e+03 6.911e+03]
  [6.912e+03 6.913e+03 6.914e+03 ... 7.293e+03 7.294e+03 7.295e+03]
  [7.296e+03 7.297e+03 7.298e+03 ... 7.677e+03 7.678e+03 7.679e+03]]

 [[7.680e+03 7.681e+03 7.682e+03 ... 8.061e+03 8.062e+03 8.063e+03]
  [8.064e+03 8.065e+03 8.066e+03 ... 8.445e+03 8.446e+03 8.447e+03]
  [8.448e+03 8.449e+03 8.450e+03 ... 8.829e+03 8.830e+03 8.831e+03]
  [8.832e+03 8.833e+03 8.834e+03 ... 9.213e+03 9.214e+03 9.215e+03]
  [9.216e+03 9.217e+03 9.218e+03 ... 9.597e+03 9.598e+03 9.599e+03]]]
layer    3 nstripe    5 stride    2 sdepth  30720 wdepth    148 rate 3.562e+10 nmac     72 shapes [   1 1076 1916   16] [  1 537 957  16] [16  3  3 16] [16]
l.stripe.shape (3840,) [0.000e+00 1.000e+00 2.000e+00 ... 3.837e+03 3.838e+03 3.839e+03]
l.stripe.shape (4, 192, 5) [[[0.000e+00 1.000e+00 2.000e+00 3.000e+00 4.000e+00]
  [5.000e+00 6.000e+00 7.000e+00 8.000e+00 9.000e+00]
  [1.000e+01 1.100e+01 1.200e+01 1.300e+01 1.400e+01]
  ...
  [9.450e+02 9.460e+02 9.470e+02 9.480e+02 9.490e+02]
  [9.500e+02 9.510e+02 9.520e+02 9.530e+02 9.540e+02]
  [9.550e+02 9.560e+02 9.570e+02 9.580e+02 9.590e+02]]

 [[9.600e+02 9.610e+02 9.620e+02 9.630e+02 9.640e+02]
  [9.650e+02 9.660e+02 9.670e+02 9.680e+02 9.690e+02]
  [9.700e+02 9.710e+02 9.720e+02 9.730e+02 9.740e+02]
  ...
  [1.905e+03 1.906e+03 1.907e+03 1.908e+03 1.909e+03]
  [1.910e+03 1.911e+03 1.912e+03 1.913e+03 1.914e+03]
  [1.915e+03 1.916e+03 1.917e+03 1.918e+03 1.919e+03]]

 [[1.920e+03 1.921e+03 1.922e+03 1.923e+03 1.924e+03]
  [1.925e+03 1.926e+03 1.927e+03 1.928e+03 1.929e+03]
  [1.930e+03 1.931e+03 1.932e+03 1.933e+03 1.934e+03]
  ...
  [2.865e+03 2.866e+03 2.867e+03 2.868e+03 2.869e+03]
  [2.870e+03 2.871e+03 2.872e+03 2.873e+03 2.874e+03]
  [2.875e+03 2.876e+03 2.877e+03 2.878e+03 2.879e+03]]

 [[2.880e+03 2.881e+03 2.882e+03 2.883e+03 2.884e+03]
  [2.885e+03 2.886e+03 2.887e+03 2.888e+03 2.889e+03]
  [2.890e+03 2.891e+03 2.892e+03 2.893e+03 2.894e+03]
  ...
  [3.825e+03 3.826e+03 3.827e+03 3.828e+03 3.829e+03]
  [3.830e+03 3.831e+03 3.832e+03 3.833e+03 3.834e+03]
  [3.835e+03 3.836e+03 3.837e+03 3.838e+03 3.839e+03]]]
l.stripe.shape (4, 5, 192) [[[0.000e+00 1.000e+00 2.000e+00 ... 1.890e+02 1.900e+02 1.910e+02]
  [1.920e+02 1.930e+02 1.940e+02 ... 3.810e+02 3.820e+02 3.830e+02]
  [3.840e+02 3.850e+02 3.860e+02 ... 5.730e+02 5.740e+02 5.750e+02]
  [5.760e+02 5.770e+02 5.780e+02 ... 7.650e+02 7.660e+02 7.670e+02]
  [7.680e+02 7.690e+02 7.700e+02 ... 9.570e+02 9.580e+02 9.590e+02]]

 [[9.600e+02 9.610e+02 9.620e+02 ... 1.149e+03 1.150e+03 1.151e+03]
  [1.152e+03 1.153e+03 1.154e+03 ... 1.341e+03 1.342e+03 1.343e+03]
  [1.344e+03 1.345e+03 1.346e+03 ... 1.533e+03 1.534e+03 1.535e+03]
  [1.536e+03 1.537e+03 1.538e+03 ... 1.725e+03 1.726e+03 1.727e+03]
  [1.728e+03 1.729e+03 1.730e+03 ... 1.917e+03 1.918e+03 1.919e+03]]

 [[1.920e+03 1.921e+03 1.922e+03 ... 2.109e+03 2.110e+03 2.111e+03]
  [2.112e+03 2.113e+03 2.114e+03 ... 2.301e+03 2.302e+03 2.303e+03]
  [2.304e+03 2.305e+03 2.306e+03 ... 2.493e+03 2.494e+03 2.495e+03]
  [2.496e+03 2.497e+03 2.498e+03 ... 2.685e+03 2.686e+03 2.687e+03]
  [2.688e+03 2.689e+03 2.690e+03 ... 2.877e+03 2.878e+03 2.879e+03]]

 [[2.880e+03 2.881e+03 2.882e+03 ... 3.069e+03 3.070e+03 3.071e+03]
  [3.072e+03 3.073e+03 3.074e+03 ... 3.261e+03 3.262e+03 3.263e+03]
  [3.264e+03 3.265e+03 3.266e+03 ... 3.453e+03 3.454e+03 3.455e+03]
  [3.456e+03 3.457e+03 3.458e+03 ... 3.645e+03 3.646e+03 3.647e+03]
  [3.648e+03 3.649e+03 3.650e+03 ... 3.837e+03 3.838e+03 3.839e+03]]]
layer    4 nstripe    5 stride    1 sdepth  12288 wdepth    148 rate 3.552e+10 nmac     72 shapes [  1 537 957  16] [  1 535 955  16] [16  3  3 16] [16]
l.stripe.shape (4780,) [0.000e+00 1.000e+00 2.000e+00 ... 4.777e+03 4.778e+03 4.779e+03]
l.stripe.shape (5, 478, 2) [[[0.000e+00 1.000e+00]
  [2.000e+00 3.000e+00]
  [4.000e+00 5.000e+00]
  ...
  [9.500e+02 9.510e+02]
  [9.520e+02 9.530e+02]
  [9.540e+02 9.550e+02]]

 [[9.560e+02 9.570e+02]
  [9.580e+02 9.590e+02]
  [9.600e+02 9.610e+02]
  ...
  [1.906e+03 1.907e+03]
  [1.908e+03 1.909e+03]
  [1.910e+03 1.911e+03]]

 [[1.912e+03 1.913e+03]
  [1.914e+03 1.915e+03]
  [1.916e+03 1.917e+03]
  ...
  [2.862e+03 2.863e+03]
  [2.864e+03 2.865e+03]
  [2.866e+03 2.867e+03]]

 [[2.868e+03 2.869e+03]
  [2.870e+03 2.871e+03]
  [2.872e+03 2.873e+03]
  ...
  [3.818e+03 3.819e+03]
  [3.820e+03 3.821e+03]
  [3.822e+03 3.823e+03]]

 [[3.824e+03 3.825e+03]
  [3.826e+03 3.827e+03]
  [3.828e+03 3.829e+03]
  ...
  [4.774e+03 4.775e+03]
  [4.776e+03 4.777e+03]
  [4.778e+03 4.779e+03]]]
l.stripe.shape (5, 2, 478) [[[0.000e+00 1.000e+00 2.000e+00 ... 4.750e+02 4.760e+02 4.770e+02]
  [4.780e+02 4.790e+02 4.800e+02 ... 9.530e+02 9.540e+02 9.550e+02]]

 [[9.560e+02 9.570e+02 9.580e+02 ... 1.431e+03 1.432e+03 1.433e+03]
  [1.434e+03 1.435e+03 1.436e+03 ... 1.909e+03 1.910e+03 1.911e+03]]

 [[1.912e+03 1.913e+03 1.914e+03 ... 2.387e+03 2.388e+03 2.389e+03]
  [2.390e+03 2.391e+03 2.392e+03 ... 2.865e+03 2.866e+03 2.867e+03]]

 [[2.868e+03 2.869e+03 2.870e+03 ... 3.343e+03 3.344e+03 3.345e+03]
  [3.346e+03 3.347e+03 3.348e+03 ... 3.821e+03 3.822e+03 3.823e+03]]

 [[3.824e+03 3.825e+03 3.826e+03 ... 4.299e+03 4.300e+03 4.301e+03]
  [4.302e+03 4.303e+03 4.304e+03 ... 4.777e+03 4.778e+03 4.779e+03]]]
layer    5 nstripe    2 stride    2 sdepth  38240 wdepth    148 rate 8.829e+09 nmac     18 shapes [  1 535 955  16] [  1 267 477  16] [16  3  3 16] [16]
l.stripe.shape (1912,) [0.000e+00 1.000e+00 2.000e+00 ... 1.909e+03 1.910e+03 1.911e+03]
l.stripe.shape (4, 239, 2) [[[0.000e+00 1.000e+00]
  [2.000e+00 3.000e+00]
  [4.000e+00 5.000e+00]
  ...
  [4.720e+02 4.730e+02]
  [4.740e+02 4.750e+02]
  [4.760e+02 4.770e+02]]

 [[4.780e+02 4.790e+02]
  [4.800e+02 4.810e+02]
  [4.820e+02 4.830e+02]
  ...
  [9.500e+02 9.510e+02]
  [9.520e+02 9.530e+02]
  [9.540e+02 9.550e+02]]

 [[9.560e+02 9.570e+02]
  [9.580e+02 9.590e+02]
  [9.600e+02 9.610e+02]
  ...
  [1.428e+03 1.429e+03]
  [1.430e+03 1.431e+03]
  [1.432e+03 1.433e+03]]

 [[1.434e+03 1.435e+03]
  [1.436e+03 1.437e+03]
  [1.438e+03 1.439e+03]
  ...
  [1.906e+03 1.907e+03]
  [1.908e+03 1.909e+03]
  [1.910e+03 1.911e+03]]]
l.stripe.shape (4, 2, 239) [[[0.000e+00 1.000e+00 2.000e+00 ... 2.360e+02 2.370e+02 2.380e+02]
  [2.390e+02 2.400e+02 2.410e+02 ... 4.750e+02 4.760e+02 4.770e+02]]

 [[4.780e+02 4.790e+02 4.800e+02 ... 7.140e+02 7.150e+02 7.160e+02]
  [7.170e+02 7.180e+02 7.190e+02 ... 9.530e+02 9.540e+02 9.550e+02]]

 [[9.560e+02 9.570e+02 9.580e+02 ... 1.192e+03 1.193e+03 1.194e+03]
  [1.195e+03 1.196e+03 1.197e+03 ... 1.431e+03 1.432e+03 1.433e+03]]

 [[1.434e+03 1.435e+03 1.436e+03 ... 1.670e+03 1.671e+03 1.672e+03]
  [1.673e+03 1.674e+03 1.675e+03 ... 1.909e+03 1.910e+03 1.911e+03]]]
layer    6 nstripe    2 stride    1 sdepth  15296 wdepth    148 rate 8.803e+09 nmac     18 shapes [  1 267 477  16] [  1 265 475  16] [16  3  3 16] [16]
l.stripe.shape (2375,) [0.000e+00 1.000e+00 2.000e+00 ... 2.372e+03 2.373e+03 2.374e+03]
l.stripe.shape (5, 475, 1) [[[0.000e+00]
  [1.000e+00]
  [2.000e+00]
  ...
  [4.720e+02]
  [4.730e+02]
  [4.740e+02]]

 [[4.750e+02]
  [4.760e+02]
  [4.770e+02]
  ...
  [9.470e+02]
  [9.480e+02]
  [9.490e+02]]

 [[9.500e+02]
  [9.510e+02]
  [9.520e+02]
  ...
  [1.422e+03]
  [1.423e+03]
  [1.424e+03]]

 [[1.425e+03]
  [1.426e+03]
  [1.427e+03]
  ...
  [1.897e+03]
  [1.898e+03]
  [1.899e+03]]

 [[1.900e+03]
  [1.901e+03]
  [1.902e+03]
  ...
  [2.372e+03]
  [2.373e+03]
  [2.374e+03]]]
l.stripe.shape (5, 1, 475) [[[0.000e+00 1.000e+00 2.000e+00 ... 4.720e+02 4.730e+02 4.740e+02]]

 [[4.750e+02 4.760e+02 4.770e+02 ... 9.470e+02 9.480e+02 9.490e+02]]

 [[9.500e+02 9.510e+02 9.520e+02 ... 1.422e+03 1.423e+03 1.424e+03]]

 [[1.425e+03 1.426e+03 1.427e+03 ... 1.897e+03 1.898e+03 1.899e+03]]

 [[1.900e+03 1.901e+03 1.902e+03 ... 2.372e+03 2.373e+03 2.374e+03]]]
layer    7 nstripe    1 stride    2 sdepth  38000 wdepth    148 rate 2.175e+09 nmac      5 shapes [  1 265 475  16] [  1 132 237  16] [16  3  3 16] [16]
l.stripe.shape (948,) [  0.   1.   2.   3.   4.   5.   6.   7.   8.   9.  10.  11.  12.  13.
  14.  15.  16.  17.  18.  19.  20.  21.  22.  23.  24.  25.  26.  27.
  28.  29.  30.  31.  32.  33.  34.  35.  36.  37.  38.  39.  40.  41.
  42.  43.  44.  45.  46.  47.  48.  49.  50.  51.  52.  53.  54.  55.
  56.  57.  58.  59.  60.  61.  62.  63.  64.  65.  66.  67.  68.  69.
  70.  71.  72.  73.  74.  75.  76.  77.  78.  79.  80.  81.  82.  83.
  84.  85.  86.  87.  88.  89.  90.  91.  92.  93.  94.  95.  96.  97.
  98.  99. 100. 101. 102. 103. 104. 105. 106. 107. 108. 109. 110. 111.
 112. 113. 114. 115. 116. 117. 118. 119. 120. 121. 122. 123. 124. 125.
 126. 127. 128. 129. 130. 131. 132. 133. 134. 135. 136. 137. 138. 139.
 140. 141. 142. 143. 144. 145. 146. 147. 148. 149. 150. 151. 152. 153.
 154. 155. 156. 157. 158. 159. 160. 161. 162. 163. 164. 165. 166. 167.
 168. 169. 170. 171. 172. 173. 174. 175. 176. 177. 178. 179. 180. 181.
 182. 183. 184. 185. 186. 187. 188. 189. 190. 191. 192. 193. 194. 195.
 196. 197. 198. 199. 200. 201. 202. 203. 204. 205. 206. 207. 208. 209.
 210. 211. 212. 213. 214. 215. 216. 217. 218. 219. 220. 221. 222. 223.
 224. 225. 226. 227. 228. 229. 230. 231. 232. 233. 234. 235. 236. 237.
 238. 239. 240. 241. 242. 243. 244. 245. 246. 247. 248. 249. 250. 251.
 252. 253. 254. 255. 256. 257. 258. 259. 260. 261. 262. 263. 264. 265.
 266. 267. 268. 269. 270. 271. 272. 273. 274. 275. 276. 277. 278. 279.
 280. 281. 282. 283. 284. 285. 286. 287. 288. 289. 290. 291. 292. 293.
 294. 295. 296. 297. 298. 299. 300. 301. 302. 303. 304. 305. 306. 307.
 308. 309. 310. 311. 312. 313. 314. 315. 316. 317. 318. 319. 320. 321.
 322. 323. 324. 325. 326. 327. 328. 329. 330. 331. 332. 333. 334. 335.
 336. 337. 338. 339. 340. 341. 342. 343. 344. 345. 346. 347. 348. 349.
 350. 351. 352. 353. 354. 355. 356. 357. 358. 359. 360. 361. 362. 363.
 364. 365. 366. 367. 368. 369. 370. 371. 372. 373. 374. 375. 376. 377.
 378. 379. 380. 381. 382. 383. 384. 385. 386. 387. 388. 389. 390. 391.
 392. 393. 394. 395. 396. 397. 398. 399. 400. 401. 402. 403. 404. 405.
 406. 407. 408. 409. 410. 411. 412. 413. 414. 415. 416. 417. 418. 419.
 420. 421. 422. 423. 424. 425. 426. 427. 428. 429. 430. 431. 432. 433.
 434. 435. 436. 437. 438. 439. 440. 441. 442. 443. 444. 445. 446. 447.
 448. 449. 450. 451. 452. 453. 454. 455. 456. 457. 458. 459. 460. 461.
 462. 463. 464. 465. 466. 467. 468. 469. 470. 471. 472. 473. 474. 475.
 476. 477. 478. 479. 480. 481. 482. 483. 484. 485. 486. 487. 488. 489.
 490. 491. 492. 493. 494. 495. 496. 497. 498. 499. 500. 501. 502. 503.
 504. 505. 506. 507. 508. 509. 510. 511. 512. 513. 514. 515. 516. 517.
 518. 519. 520. 521. 522. 523. 524. 525. 526. 527. 528. 529. 530. 531.
 532. 533. 534. 535. 536. 537. 538. 539. 540. 541. 542. 543. 544. 545.
 546. 547. 548. 549. 550. 551. 552. 553. 554. 555. 556. 557. 558. 559.
 560. 561. 562. 563. 564. 565. 566. 567. 568. 569. 570. 571. 572. 573.
 574. 575. 576. 577. 578. 579. 580. 581. 582. 583. 584. 585. 586. 587.
 588. 589. 590. 591. 592. 593. 594. 595. 596. 597. 598. 599. 600. 601.
 602. 603. 604. 605. 606. 607. 608. 609. 610. 611. 612. 613. 614. 615.
 616. 617. 618. 619. 620. 621. 622. 623. 624. 625. 626. 627. 628. 629.
 630. 631. 632. 633. 634. 635. 636. 637. 638. 639. 640. 641. 642. 643.
 644. 645. 646. 647. 648. 649. 650. 651. 652. 653. 654. 655. 656. 657.
 658. 659. 660. 661. 662. 663. 664. 665. 666. 667. 668. 669. 670. 671.
 672. 673. 674. 675. 676. 677. 678. 679. 680. 681. 682. 683. 684. 685.
 686. 687. 688. 689. 690. 691. 692. 693. 694. 695. 696. 697. 698. 699.
 700. 701. 702. 703. 704. 705. 706. 707. 708. 709. 710. 711. 712. 713.
 714. 715. 716. 717. 718. 719. 720. 721. 722. 723. 724. 725. 726. 727.
 728. 729. 730. 731. 732. 733. 734. 735. 736. 737. 738. 739. 740. 741.
 742. 743. 744. 745. 746. 747. 748. 749. 750. 751. 752. 753. 754. 755.
 756. 757. 758. 759. 760. 761. 762. 763. 764. 765. 766. 767. 768. 769.
 770. 771. 772. 773. 774. 775. 776. 777. 778. 779. 780. 781. 782. 783.
 784. 785. 786. 787. 788. 789. 790. 791. 792. 793. 794. 795. 796. 797.
 798. 799. 800. 801. 802. 803. 804. 805. 806. 807. 808. 809. 810. 811.
 812. 813. 814. 815. 816. 817. 818. 819. 820. 821. 822. 823. 824. 825.
 826. 827. 828. 829. 830. 831. 832. 833. 834. 835. 836. 837. 838. 839.
 840. 841. 842. 843. 844. 845. 846. 847. 848. 849. 850. 851. 852. 853.
 854. 855. 856. 857. 858. 859. 860. 861. 862. 863. 864. 865. 866. 867.
 868. 869. 870. 871. 872. 873. 874. 875. 876. 877. 878. 879. 880. 881.
 882. 883. 884. 885. 886. 887. 888. 889. 890. 891. 892. 893. 894. 895.
 896. 897. 898. 899. 900. 901. 902. 903. 904. 905. 906. 907. 908. 909.
 910. 911. 912. 913. 914. 915. 916. 917. 918. 919. 920. 921. 922. 923.
 924. 925. 926. 927. 928. 929. 930. 931. 932. 933. 934. 935. 936. 937.
 938. 939. 940. 941. 942. 943. 944. 945. 946. 947.]
l.stripe.shape (4, 237, 1) [[[  0.]
  [  1.]
  [  2.]
  [  3.]
  [  4.]
  [  5.]
  [  6.]
  [  7.]
  [  8.]
  [  9.]
  [ 10.]
  [ 11.]
  [ 12.]
  [ 13.]
  [ 14.]
  [ 15.]
  [ 16.]
  [ 17.]
  [ 18.]
  [ 19.]
  [ 20.]
  [ 21.]
  [ 22.]
  [ 23.]
  [ 24.]
  [ 25.]
  [ 26.]
  [ 27.]
  [ 28.]
  [ 29.]
  [ 30.]
  [ 31.]
  [ 32.]
  [ 33.]
  [ 34.]
  [ 35.]
  [ 36.]
  [ 37.]
  [ 38.]
  [ 39.]
  [ 40.]
  [ 41.]
  [ 42.]
  [ 43.]
  [ 44.]
  [ 45.]
  [ 46.]
  [ 47.]
  [ 48.]
  [ 49.]
  [ 50.]
  [ 51.]
  [ 52.]
  [ 53.]
  [ 54.]
  [ 55.]
  [ 56.]
  [ 57.]
  [ 58.]
  [ 59.]
  [ 60.]
  [ 61.]
  [ 62.]
  [ 63.]
  [ 64.]
  [ 65.]
  [ 66.]
  [ 67.]
  [ 68.]
  [ 69.]
  [ 70.]
  [ 71.]
  [ 72.]
  [ 73.]
  [ 74.]
  [ 75.]
  [ 76.]
  [ 77.]
  [ 78.]
  [ 79.]
  [ 80.]
  [ 81.]
  [ 82.]
  [ 83.]
  [ 84.]
  [ 85.]
  [ 86.]
  [ 87.]
  [ 88.]
  [ 89.]
  [ 90.]
  [ 91.]
  [ 92.]
  [ 93.]
  [ 94.]
  [ 95.]
  [ 96.]
  [ 97.]
  [ 98.]
  [ 99.]
  [100.]
  [101.]
  [102.]
  [103.]
  [104.]
  [105.]
  [106.]
  [107.]
  [108.]
  [109.]
  [110.]
  [111.]
  [112.]
  [113.]
  [114.]
  [115.]
  [116.]
  [117.]
  [118.]
  [119.]
  [120.]
  [121.]
  [122.]
  [123.]
  [124.]
  [125.]
  [126.]
  [127.]
  [128.]
  [129.]
  [130.]
  [131.]
  [132.]
  [133.]
  [134.]
  [135.]
  [136.]
  [137.]
  [138.]
  [139.]
  [140.]
  [141.]
  [142.]
  [143.]
  [144.]
  [145.]
  [146.]
  [147.]
  [148.]
  [149.]
  [150.]
  [151.]
  [152.]
  [153.]
  [154.]
  [155.]
  [156.]
  [157.]
  [158.]
  [159.]
  [160.]
  [161.]
  [162.]
  [163.]
  [164.]
  [165.]
  [166.]
  [167.]
  [168.]
  [169.]
  [170.]
  [171.]
  [172.]
  [173.]
  [174.]
  [175.]
  [176.]
  [177.]
  [178.]
  [179.]
  [180.]
  [181.]
  [182.]
  [183.]
  [184.]
  [185.]
  [186.]
  [187.]
  [188.]
  [189.]
  [190.]
  [191.]
  [192.]
  [193.]
  [194.]
  [195.]
  [196.]
  [197.]
  [198.]
  [199.]
  [200.]
  [201.]
  [202.]
  [203.]
  [204.]
  [205.]
  [206.]
  [207.]
  [208.]
  [209.]
  [210.]
  [211.]
  [212.]
  [213.]
  [214.]
  [215.]
  [216.]
  [217.]
  [218.]
  [219.]
  [220.]
  [221.]
  [222.]
  [223.]
  [224.]
  [225.]
  [226.]
  [227.]
  [228.]
  [229.]
  [230.]
  [231.]
  [232.]
  [233.]
  [234.]
  [235.]
  [236.]]

 [[237.]
  [238.]
  [239.]
  [240.]
  [241.]
  [242.]
  [243.]
  [244.]
  [245.]
  [246.]
  [247.]
  [248.]
  [249.]
  [250.]
  [251.]
  [252.]
  [253.]
  [254.]
  [255.]
  [256.]
  [257.]
  [258.]
  [259.]
  [260.]
  [261.]
  [262.]
  [263.]
  [264.]
  [265.]
  [266.]
  [267.]
  [268.]
  [269.]
  [270.]
  [271.]
  [272.]
  [273.]
  [274.]
  [275.]
  [276.]
  [277.]
  [278.]
  [279.]
  [280.]
  [281.]
  [282.]
  [283.]
  [284.]
  [285.]
  [286.]
  [287.]
  [288.]
  [289.]
  [290.]
  [291.]
  [292.]
  [293.]
  [294.]
  [295.]
  [296.]
  [297.]
  [298.]
  [299.]
  [300.]
  [301.]
  [302.]
  [303.]
  [304.]
  [305.]
  [306.]
  [307.]
  [308.]
  [309.]
  [310.]
  [311.]
  [312.]
  [313.]
  [314.]
  [315.]
  [316.]
  [317.]
  [318.]
  [319.]
  [320.]
  [321.]
  [322.]
  [323.]
  [324.]
  [325.]
  [326.]
  [327.]
  [328.]
  [329.]
  [330.]
  [331.]
  [332.]
  [333.]
  [334.]
  [335.]
  [336.]
  [337.]
  [338.]
  [339.]
  [340.]
  [341.]
  [342.]
  [343.]
  [344.]
  [345.]
  [346.]
  [347.]
  [348.]
  [349.]
  [350.]
  [351.]
  [352.]
  [353.]
  [354.]
  [355.]
  [356.]
  [357.]
  [358.]
  [359.]
  [360.]
  [361.]
  [362.]
  [363.]
  [364.]
  [365.]
  [366.]
  [367.]
  [368.]
  [369.]
  [370.]
  [371.]
  [372.]
  [373.]
  [374.]
  [375.]
  [376.]
  [377.]
  [378.]
  [379.]
  [380.]
  [381.]
  [382.]
  [383.]
  [384.]
  [385.]
  [386.]
  [387.]
  [388.]
  [389.]
  [390.]
  [391.]
  [392.]
  [393.]
  [394.]
  [395.]
  [396.]
  [397.]
  [398.]
  [399.]
  [400.]
  [401.]
  [402.]
  [403.]
  [404.]
  [405.]
  [406.]
  [407.]
  [408.]
  [409.]
  [410.]
  [411.]
  [412.]
  [413.]
  [414.]
  [415.]
  [416.]
  [417.]
  [418.]
  [419.]
  [420.]
  [421.]
  [422.]
  [423.]
  [424.]
  [425.]
  [426.]
  [427.]
  [428.]
  [429.]
  [430.]
  [431.]
  [432.]
  [433.]
  [434.]
  [435.]
  [436.]
  [437.]
  [438.]
  [439.]
  [440.]
  [441.]
  [442.]
  [443.]
  [444.]
  [445.]
  [446.]
  [447.]
  [448.]
  [449.]
  [450.]
  [451.]
  [452.]
  [453.]
  [454.]
  [455.]
  [456.]
  [457.]
  [458.]
  [459.]
  [460.]
  [461.]
  [462.]
  [463.]
  [464.]
  [465.]
  [466.]
  [467.]
  [468.]
  [469.]
  [470.]
  [471.]
  [472.]
  [473.]]

 [[474.]
  [475.]
  [476.]
  [477.]
  [478.]
  [479.]
  [480.]
  [481.]
  [482.]
  [483.]
  [484.]
  [485.]
  [486.]
  [487.]
  [488.]
  [489.]
  [490.]
  [491.]
  [492.]
  [493.]
  [494.]
  [495.]
  [496.]
  [497.]
  [498.]
  [499.]
  [500.]
  [501.]
  [502.]
  [503.]
  [504.]
  [505.]
  [506.]
  [507.]
  [508.]
  [509.]
  [510.]
  [511.]
  [512.]
  [513.]
  [514.]
  [515.]
  [516.]
  [517.]
  [518.]
  [519.]
  [520.]
  [521.]
  [522.]
  [523.]
  [524.]
  [525.]
  [526.]
  [527.]
  [528.]
  [529.]
  [530.]
  [531.]
  [532.]
  [533.]
  [534.]
  [535.]
  [536.]
  [537.]
  [538.]
  [539.]
  [540.]
  [541.]
  [542.]
  [543.]
  [544.]
  [545.]
  [546.]
  [547.]
  [548.]
  [549.]
  [550.]
  [551.]
  [552.]
  [553.]
  [554.]
  [555.]
  [556.]
  [557.]
  [558.]
  [559.]
  [560.]
  [561.]
  [562.]
  [563.]
  [564.]
  [565.]
  [566.]
  [567.]
  [568.]
  [569.]
  [570.]
  [571.]
  [572.]
  [573.]
  [574.]
  [575.]
  [576.]
  [577.]
  [578.]
  [579.]
  [580.]
  [581.]
  [582.]
  [583.]
  [584.]
  [585.]
  [586.]
  [587.]
  [588.]
  [589.]
  [590.]
  [591.]
  [592.]
  [593.]
  [594.]
  [595.]
  [596.]
  [597.]
  [598.]
  [599.]
  [600.]
  [601.]
  [602.]
  [603.]
  [604.]
  [605.]
  [606.]
  [607.]
  [608.]
  [609.]
  [610.]
  [611.]
  [612.]
  [613.]
  [614.]
  [615.]
  [616.]
  [617.]
  [618.]
  [619.]
  [620.]
  [621.]
  [622.]
  [623.]
  [624.]
  [625.]
  [626.]
  [627.]
  [628.]
  [629.]
  [630.]
  [631.]
  [632.]
  [633.]
  [634.]
  [635.]
  [636.]
  [637.]
  [638.]
  [639.]
  [640.]
  [641.]
  [642.]
  [643.]
  [644.]
  [645.]
  [646.]
  [647.]
  [648.]
  [649.]
  [650.]
  [651.]
  [652.]
  [653.]
  [654.]
  [655.]
  [656.]
  [657.]
  [658.]
  [659.]
  [660.]
  [661.]
  [662.]
  [663.]
  [664.]
  [665.]
  [666.]
  [667.]
  [668.]
  [669.]
  [670.]
  [671.]
  [672.]
  [673.]
  [674.]
  [675.]
  [676.]
  [677.]
  [678.]
  [679.]
  [680.]
  [681.]
  [682.]
  [683.]
  [684.]
  [685.]
  [686.]
  [687.]
  [688.]
  [689.]
  [690.]
  [691.]
  [692.]
  [693.]
  [694.]
  [695.]
  [696.]
  [697.]
  [698.]
  [699.]
  [700.]
  [701.]
  [702.]
  [703.]
  [704.]
  [705.]
  [706.]
  [707.]
  [708.]
  [709.]
  [710.]]

 [[711.]
  [712.]
  [713.]
  [714.]
  [715.]
  [716.]
  [717.]
  [718.]
  [719.]
  [720.]
  [721.]
  [722.]
  [723.]
  [724.]
  [725.]
  [726.]
  [727.]
  [728.]
  [729.]
  [730.]
  [731.]
  [732.]
  [733.]
  [734.]
  [735.]
  [736.]
  [737.]
  [738.]
  [739.]
  [740.]
  [741.]
  [742.]
  [743.]
  [744.]
  [745.]
  [746.]
  [747.]
  [748.]
  [749.]
  [750.]
  [751.]
  [752.]
  [753.]
  [754.]
  [755.]
  [756.]
  [757.]
  [758.]
  [759.]
  [760.]
  [761.]
  [762.]
  [763.]
  [764.]
  [765.]
  [766.]
  [767.]
  [768.]
  [769.]
  [770.]
  [771.]
  [772.]
  [773.]
  [774.]
  [775.]
  [776.]
  [777.]
  [778.]
  [779.]
  [780.]
  [781.]
  [782.]
  [783.]
  [784.]
  [785.]
  [786.]
  [787.]
  [788.]
  [789.]
  [790.]
  [791.]
  [792.]
  [793.]
  [794.]
  [795.]
  [796.]
  [797.]
  [798.]
  [799.]
  [800.]
  [801.]
  [802.]
  [803.]
  [804.]
  [805.]
  [806.]
  [807.]
  [808.]
  [809.]
  [810.]
  [811.]
  [812.]
  [813.]
  [814.]
  [815.]
  [816.]
  [817.]
  [818.]
  [819.]
  [820.]
  [821.]
  [822.]
  [823.]
  [824.]
  [825.]
  [826.]
  [827.]
  [828.]
  [829.]
  [830.]
  [831.]
  [832.]
  [833.]
  [834.]
  [835.]
  [836.]
  [837.]
  [838.]
  [839.]
  [840.]
  [841.]
  [842.]
  [843.]
  [844.]
  [845.]
  [846.]
  [847.]
  [848.]
  [849.]
  [850.]
  [851.]
  [852.]
  [853.]
  [854.]
  [855.]
  [856.]
  [857.]
  [858.]
  [859.]
  [860.]
  [861.]
  [862.]
  [863.]
  [864.]
  [865.]
  [866.]
  [867.]
  [868.]
  [869.]
  [870.]
  [871.]
  [872.]
  [873.]
  [874.]
  [875.]
  [876.]
  [877.]
  [878.]
  [879.]
  [880.]
  [881.]
  [882.]
  [883.]
  [884.]
  [885.]
  [886.]
  [887.]
  [888.]
  [889.]
  [890.]
  [891.]
  [892.]
  [893.]
  [894.]
  [895.]
  [896.]
  [897.]
  [898.]
  [899.]
  [900.]
  [901.]
  [902.]
  [903.]
  [904.]
  [905.]
  [906.]
  [907.]
  [908.]
  [909.]
  [910.]
  [911.]
  [912.]
  [913.]
  [914.]
  [915.]
  [916.]
  [917.]
  [918.]
  [919.]
  [920.]
  [921.]
  [922.]
  [923.]
  [924.]
  [925.]
  [926.]
  [927.]
  [928.]
  [929.]
  [930.]
  [931.]
  [932.]
  [933.]
  [934.]
  [935.]
  [936.]
  [937.]
  [938.]
  [939.]
  [940.]
  [941.]
  [942.]
  [943.]
  [944.]
  [945.]
  [946.]
  [947.]]]
l.stripe.shape (4, 1, 237) [[[  0.   1.   2.   3.   4.   5.   6.   7.   8.   9.  10.  11.  12.  13.
    14.  15.  16.  17.  18.  19.  20.  21.  22.  23.  24.  25.  26.  27.
    28.  29.  30.  31.  32.  33.  34.  35.  36.  37.  38.  39.  40.  41.
    42.  43.  44.  45.  46.  47.  48.  49.  50.  51.  52.  53.  54.  55.
    56.  57.  58.  59.  60.  61.  62.  63.  64.  65.  66.  67.  68.  69.
    70.  71.  72.  73.  74.  75.  76.  77.  78.  79.  80.  81.  82.  83.
    84.  85.  86.  87.  88.  89.  90.  91.  92.  93.  94.  95.  96.  97.
    98.  99. 100. 101. 102. 103. 104. 105. 106. 107. 108. 109. 110. 111.
   112. 113. 114. 115. 116. 117. 118. 119. 120. 121. 122. 123. 124. 125.
   126. 127. 128. 129. 130. 131. 132. 133. 134. 135. 136. 137. 138. 139.
   140. 141. 142. 143. 144. 145. 146. 147. 148. 149. 150. 151. 152. 153.
   154. 155. 156. 157. 158. 159. 160. 161. 162. 163. 164. 165. 166. 167.
   168. 169. 170. 171. 172. 173. 174. 175. 176. 177. 178. 179. 180. 181.
   182. 183. 184. 185. 186. 187. 188. 189. 190. 191. 192. 193. 194. 195.
   196. 197. 198. 199. 200. 201. 202. 203. 204. 205. 206. 207. 208. 209.
   210. 211. 212. 213. 214. 215. 216. 217. 218. 219. 220. 221. 222. 223.
   224. 225. 226. 227. 228. 229. 230. 231. 232. 233. 234. 235. 236.]]

 [[237. 238. 239. 240. 241. 242. 243. 244. 245. 246. 247. 248. 249. 250.
   251. 252. 253. 254. 255. 256. 257. 258. 259. 260. 261. 262. 263. 264.
   265. 266. 267. 268. 269. 270. 271. 272. 273. 274. 275. 276. 277. 278.
   279. 280. 281. 282. 283. 284. 285. 286. 287. 288. 289. 290. 291. 292.
   293. 294. 295. 296. 297. 298. 299. 300. 301. 302. 303. 304. 305. 306.
   307. 308. 309. 310. 311. 312. 313. 314. 315. 316. 317. 318. 319. 320.
   321. 322. 323. 324. 325. 326. 327. 328. 329. 330. 331. 332. 333. 334.
   335. 336. 337. 338. 339. 340. 341. 342. 343. 344. 345. 346. 347. 348.
   349. 350. 351. 352. 353. 354. 355. 356. 357. 358. 359. 360. 361. 362.
   363. 364. 365. 366. 367. 368. 369. 370. 371. 372. 373. 374. 375. 376.
   377. 378. 379. 380. 381. 382. 383. 384. 385. 386. 387. 388. 389. 390.
   391. 392. 393. 394. 395. 396. 397. 398. 399. 400. 401. 402. 403. 404.
   405. 406. 407. 408. 409. 410. 411. 412. 413. 414. 415. 416. 417. 418.
   419. 420. 421. 422. 423. 424. 425. 426. 427. 428. 429. 430. 431. 432.
   433. 434. 435. 436. 437. 438. 439. 440. 441. 442. 443. 444. 445. 446.
   447. 448. 449. 450. 451. 452. 453. 454. 455. 456. 457. 458. 459. 460.
   461. 462. 463. 464. 465. 466. 467. 468. 469. 470. 471. 472. 473.]]

 [[474. 475. 476. 477. 478. 479. 480. 481. 482. 483. 484. 485. 486. 487.
   488. 489. 490. 491. 492. 493. 494. 495. 496. 497. 498. 499. 500. 501.
   502. 503. 504. 505. 506. 507. 508. 509. 510. 511. 512. 513. 514. 515.
   516. 517. 518. 519. 520. 521. 522. 523. 524. 525. 526. 527. 528. 529.
   530. 531. 532. 533. 534. 535. 536. 537. 538. 539. 540. 541. 542. 543.
   544. 545. 546. 547. 548. 549. 550. 551. 552. 553. 554. 555. 556. 557.
   558. 559. 560. 561. 562. 563. 564. 565. 566. 567. 568. 569. 570. 571.
   572. 573. 574. 575. 576. 577. 578. 579. 580. 581. 582. 583. 584. 585.
   586. 587. 588. 589. 590. 591. 592. 593. 594. 595. 596. 597. 598. 599.
   600. 601. 602. 603. 604. 605. 606. 607. 608. 609. 610. 611. 612. 613.
   614. 615. 616. 617. 618. 619. 620. 621. 622. 623. 624. 625. 626. 627.
   628. 629. 630. 631. 632. 633. 634. 635. 636. 637. 638. 639. 640. 641.
   642. 643. 644. 645. 646. 647. 648. 649. 650. 651. 652. 653. 654. 655.
   656. 657. 658. 659. 660. 661. 662. 663. 664. 665. 666. 667. 668. 669.
   670. 671. 672. 673. 674. 675. 676. 677. 678. 679. 680. 681. 682. 683.
   684. 685. 686. 687. 688. 689. 690. 691. 692. 693. 694. 695. 696. 697.
   698. 699. 700. 701. 702. 703. 704. 705. 706. 707. 708. 709. 710.]]

 [[711. 712. 713. 714. 715. 716. 717. 718. 719. 720. 721. 722. 723. 724.
   725. 726. 727. 728. 729. 730. 731. 732. 733. 734. 735. 736. 737. 738.
   739. 740. 741. 742. 743. 744. 745. 746. 747. 748. 749. 750. 751. 752.
   753. 754. 755. 756. 757. 758. 759. 760. 761. 762. 763. 764. 765. 766.
   767. 768. 769. 770. 771. 772. 773. 774. 775. 776. 777. 778. 779. 780.
   781. 782. 783. 784. 785. 786. 787. 788. 789. 790. 791. 792. 793. 794.
   795. 796. 797. 798. 799. 800. 801. 802. 803. 804. 805. 806. 807. 808.
   809. 810. 811. 812. 813. 814. 815. 816. 817. 818. 819. 820. 821. 822.
   823. 824. 825. 826. 827. 828. 829. 830. 831. 832. 833. 834. 835. 836.
   837. 838. 839. 840. 841. 842. 843. 844. 845. 846. 847. 848. 849. 850.
   851. 852. 853. 854. 855. 856. 857. 858. 859. 860. 861. 862. 863. 864.
   865. 866. 867. 868. 869. 870. 871. 872. 873. 874. 875. 876. 877. 878.
   879. 880. 881. 882. 883. 884. 885. 886. 887. 888. 889. 890. 891. 892.
   893. 894. 895. 896. 897. 898. 899. 900. 901. 902. 903. 904. 905. 906.
   907. 908. 909. 910. 911. 912. 913. 914. 915. 916. 917. 918. 919. 920.
   921. 922. 923. 924. 925. 926. 927. 928. 929. 930. 931. 932. 933. 934.
   935. 936. 937. 938. 939. 940. 941. 942. 943. 944. 945. 946. 947.]]]
layer    8 nstripe    1 stride    1 sdepth  15168 wdepth    148 rate 2.162e+09 nmac      5 shapes [  1 132 237  16] [  1 130 235  16] [16  3  3 16] [16]
l.stripe.shape (1175,) [0.000e+00 1.000e+00 2.000e+00 ... 1.172e+03 1.173e+03 1.174e+03]
l.stripe.shape (5, 235, 1) [[[0.000e+00]
  [1.000e+00]
  [2.000e+00]
  ...
  [2.320e+02]
  [2.330e+02]
  [2.340e+02]]

 [[2.350e+02]
  [2.360e+02]
  [2.370e+02]
  ...
  [4.670e+02]
  [4.680e+02]
  [4.690e+02]]

 [[4.700e+02]
  [4.710e+02]
  [4.720e+02]
  ...
  [7.020e+02]
  [7.030e+02]
  [7.040e+02]]

 [[7.050e+02]
  [7.060e+02]
  [7.070e+02]
  ...
  [9.370e+02]
  [9.380e+02]
  [9.390e+02]]

 [[9.400e+02]
  [9.410e+02]
  [9.420e+02]
  ...
  [1.172e+03]
  [1.173e+03]
  [1.174e+03]]]
l.stripe.shape (5, 1, 235) [[[0.000e+00 1.000e+00 2.000e+00 ... 2.320e+02 2.330e+02 2.340e+02]]

 [[2.350e+02 2.360e+02 2.370e+02 ... 4.670e+02 4.680e+02 4.690e+02]]

 [[4.700e+02 4.710e+02 4.720e+02 ... 7.020e+02 7.030e+02 7.040e+02]]

 [[7.050e+02 7.060e+02 7.070e+02 ... 9.370e+02 9.380e+02 9.390e+02]]

 [[9.400e+02 9.410e+02 9.420e+02 ... 1.172e+03 1.173e+03 1.174e+03]]]
layer    9 nstripe    1 stride    2 sdepth  18800 wdepth    148 rate 5.279e+08 nmac      2 shapes [  1 130 235  16] [  1  64 117  16] [16  3  3 16] [16]
l.stripe.shape (468,) [  0.   1.   2.   3.   4.   5.   6.   7.   8.   9.  10.  11.  12.  13.
  14.  15.  16.  17.  18.  19.  20.  21.  22.  23.  24.  25.  26.  27.
  28.  29.  30.  31.  32.  33.  34.  35.  36.  37.  38.  39.  40.  41.
  42.  43.  44.  45.  46.  47.  48.  49.  50.  51.  52.  53.  54.  55.
  56.  57.  58.  59.  60.  61.  62.  63.  64.  65.  66.  67.  68.  69.
  70.  71.  72.  73.  74.  75.  76.  77.  78.  79.  80.  81.  82.  83.
  84.  85.  86.  87.  88.  89.  90.  91.  92.  93.  94.  95.  96.  97.
  98.  99. 100. 101. 102. 103. 104. 105. 106. 107. 108. 109. 110. 111.
 112. 113. 114. 115. 116. 117. 118. 119. 120. 121. 122. 123. 124. 125.
 126. 127. 128. 129. 130. 131. 132. 133. 134. 135. 136. 137. 138. 139.
 140. 141. 142. 143. 144. 145. 146. 147. 148. 149. 150. 151. 152. 153.
 154. 155. 156. 157. 158. 159. 160. 161. 162. 163. 164. 165. 166. 167.
 168. 169. 170. 171. 172. 173. 174. 175. 176. 177. 178. 179. 180. 181.
 182. 183. 184. 185. 186. 187. 188. 189. 190. 191. 192. 193. 194. 195.
 196. 197. 198. 199. 200. 201. 202. 203. 204. 205. 206. 207. 208. 209.
 210. 211. 212. 213. 214. 215. 216. 217. 218. 219. 220. 221. 222. 223.
 224. 225. 226. 227. 228. 229. 230. 231. 232. 233. 234. 235. 236. 237.
 238. 239. 240. 241. 242. 243. 244. 245. 246. 247. 248. 249. 250. 251.
 252. 253. 254. 255. 256. 257. 258. 259. 260. 261. 262. 263. 264. 265.
 266. 267. 268. 269. 270. 271. 272. 273. 274. 275. 276. 277. 278. 279.
 280. 281. 282. 283. 284. 285. 286. 287. 288. 289. 290. 291. 292. 293.
 294. 295. 296. 297. 298. 299. 300. 301. 302. 303. 304. 305. 306. 307.
 308. 309. 310. 311. 312. 313. 314. 315. 316. 317. 318. 319. 320. 321.
 322. 323. 324. 325. 326. 327. 328. 329. 330. 331. 332. 333. 334. 335.
 336. 337. 338. 339. 340. 341. 342. 343. 344. 345. 346. 347. 348. 349.
 350. 351. 352. 353. 354. 355. 356. 357. 358. 359. 360. 361. 362. 363.
 364. 365. 366. 367. 368. 369. 370. 371. 372. 373. 374. 375. 376. 377.
 378. 379. 380. 381. 382. 383. 384. 385. 386. 387. 388. 389. 390. 391.
 392. 393. 394. 395. 396. 397. 398. 399. 400. 401. 402. 403. 404. 405.
 406. 407. 408. 409. 410. 411. 412. 413. 414. 415. 416. 417. 418. 419.
 420. 421. 422. 423. 424. 425. 426. 427. 428. 429. 430. 431. 432. 433.
 434. 435. 436. 437. 438. 439. 440. 441. 442. 443. 444. 445. 446. 447.
 448. 449. 450. 451. 452. 453. 454. 455. 456. 457. 458. 459. 460. 461.
 462. 463. 464. 465. 466. 467.]
l.stripe.shape (4, 117, 1) [[[  0.]
  [  1.]
  [  2.]
  [  3.]
  [  4.]
  [  5.]
  [  6.]
  [  7.]
  [  8.]
  [  9.]
  [ 10.]
  [ 11.]
  [ 12.]
  [ 13.]
  [ 14.]
  [ 15.]
  [ 16.]
  [ 17.]
  [ 18.]
  [ 19.]
  [ 20.]
  [ 21.]
  [ 22.]
  [ 23.]
  [ 24.]
  [ 25.]
  [ 26.]
  [ 27.]
  [ 28.]
  [ 29.]
  [ 30.]
  [ 31.]
  [ 32.]
  [ 33.]
  [ 34.]
  [ 35.]
  [ 36.]
  [ 37.]
  [ 38.]
  [ 39.]
  [ 40.]
  [ 41.]
  [ 42.]
  [ 43.]
  [ 44.]
  [ 45.]
  [ 46.]
  [ 47.]
  [ 48.]
  [ 49.]
  [ 50.]
  [ 51.]
  [ 52.]
  [ 53.]
  [ 54.]
  [ 55.]
  [ 56.]
  [ 57.]
  [ 58.]
  [ 59.]
  [ 60.]
  [ 61.]
  [ 62.]
  [ 63.]
  [ 64.]
  [ 65.]
  [ 66.]
  [ 67.]
  [ 68.]
  [ 69.]
  [ 70.]
  [ 71.]
  [ 72.]
  [ 73.]
  [ 74.]
  [ 75.]
  [ 76.]
  [ 77.]
  [ 78.]
  [ 79.]
  [ 80.]
  [ 81.]
  [ 82.]
  [ 83.]
  [ 84.]
  [ 85.]
  [ 86.]
  [ 87.]
  [ 88.]
  [ 89.]
  [ 90.]
  [ 91.]
  [ 92.]
  [ 93.]
  [ 94.]
  [ 95.]
  [ 96.]
  [ 97.]
  [ 98.]
  [ 99.]
  [100.]
  [101.]
  [102.]
  [103.]
  [104.]
  [105.]
  [106.]
  [107.]
  [108.]
  [109.]
  [110.]
  [111.]
  [112.]
  [113.]
  [114.]
  [115.]
  [116.]]

 [[117.]
  [118.]
  [119.]
  [120.]
  [121.]
  [122.]
  [123.]
  [124.]
  [125.]
  [126.]
  [127.]
  [128.]
  [129.]
  [130.]
  [131.]
  [132.]
  [133.]
  [134.]
  [135.]
  [136.]
  [137.]
  [138.]
  [139.]
  [140.]
  [141.]
  [142.]
  [143.]
  [144.]
  [145.]
  [146.]
  [147.]
  [148.]
  [149.]
  [150.]
  [151.]
  [152.]
  [153.]
  [154.]
  [155.]
  [156.]
  [157.]
  [158.]
  [159.]
  [160.]
  [161.]
  [162.]
  [163.]
  [164.]
  [165.]
  [166.]
  [167.]
  [168.]
  [169.]
  [170.]
  [171.]
  [172.]
  [173.]
  [174.]
  [175.]
  [176.]
  [177.]
  [178.]
  [179.]
  [180.]
  [181.]
  [182.]
  [183.]
  [184.]
  [185.]
  [186.]
  [187.]
  [188.]
  [189.]
  [190.]
  [191.]
  [192.]
  [193.]
  [194.]
  [195.]
  [196.]
  [197.]
  [198.]
  [199.]
  [200.]
  [201.]
  [202.]
  [203.]
  [204.]
  [205.]
  [206.]
  [207.]
  [208.]
  [209.]
  [210.]
  [211.]
  [212.]
  [213.]
  [214.]
  [215.]
  [216.]
  [217.]
  [218.]
  [219.]
  [220.]
  [221.]
  [222.]
  [223.]
  [224.]
  [225.]
  [226.]
  [227.]
  [228.]
  [229.]
  [230.]
  [231.]
  [232.]
  [233.]]

 [[234.]
  [235.]
  [236.]
  [237.]
  [238.]
  [239.]
  [240.]
  [241.]
  [242.]
  [243.]
  [244.]
  [245.]
  [246.]
  [247.]
  [248.]
  [249.]
  [250.]
  [251.]
  [252.]
  [253.]
  [254.]
  [255.]
  [256.]
  [257.]
  [258.]
  [259.]
  [260.]
  [261.]
  [262.]
  [263.]
  [264.]
  [265.]
  [266.]
  [267.]
  [268.]
  [269.]
  [270.]
  [271.]
  [272.]
  [273.]
  [274.]
  [275.]
  [276.]
  [277.]
  [278.]
  [279.]
  [280.]
  [281.]
  [282.]
  [283.]
  [284.]
  [285.]
  [286.]
  [287.]
  [288.]
  [289.]
  [290.]
  [291.]
  [292.]
  [293.]
  [294.]
  [295.]
  [296.]
  [297.]
  [298.]
  [299.]
  [300.]
  [301.]
  [302.]
  [303.]
  [304.]
  [305.]
  [306.]
  [307.]
  [308.]
  [309.]
  [310.]
  [311.]
  [312.]
  [313.]
  [314.]
  [315.]
  [316.]
  [317.]
  [318.]
  [319.]
  [320.]
  [321.]
  [322.]
  [323.]
  [324.]
  [325.]
  [326.]
  [327.]
  [328.]
  [329.]
  [330.]
  [331.]
  [332.]
  [333.]
  [334.]
  [335.]
  [336.]
  [337.]
  [338.]
  [339.]
  [340.]
  [341.]
  [342.]
  [343.]
  [344.]
  [345.]
  [346.]
  [347.]
  [348.]
  [349.]
  [350.]]

 [[351.]
  [352.]
  [353.]
  [354.]
  [355.]
  [356.]
  [357.]
  [358.]
  [359.]
  [360.]
  [361.]
  [362.]
  [363.]
  [364.]
  [365.]
  [366.]
  [367.]
  [368.]
  [369.]
  [370.]
  [371.]
  [372.]
  [373.]
  [374.]
  [375.]
  [376.]
  [377.]
  [378.]
  [379.]
  [380.]
  [381.]
  [382.]
  [383.]
  [384.]
  [385.]
  [386.]
  [387.]
  [388.]
  [389.]
  [390.]
  [391.]
  [392.]
  [393.]
  [394.]
  [395.]
  [396.]
  [397.]
  [398.]
  [399.]
  [400.]
  [401.]
  [402.]
  [403.]
  [404.]
  [405.]
  [406.]
  [407.]
  [408.]
  [409.]
  [410.]
  [411.]
  [412.]
  [413.]
  [414.]
  [415.]
  [416.]
  [417.]
  [418.]
  [419.]
  [420.]
  [421.]
  [422.]
  [423.]
  [424.]
  [425.]
  [426.]
  [427.]
  [428.]
  [429.]
  [430.]
  [431.]
  [432.]
  [433.]
  [434.]
  [435.]
  [436.]
  [437.]
  [438.]
  [439.]
  [440.]
  [441.]
  [442.]
  [443.]
  [444.]
  [445.]
  [446.]
  [447.]
  [448.]
  [449.]
  [450.]
  [451.]
  [452.]
  [453.]
  [454.]
  [455.]
  [456.]
  [457.]
  [458.]
  [459.]
  [460.]
  [461.]
  [462.]
  [463.]
  [464.]
  [465.]
  [466.]
  [467.]]]
l.stripe.shape (4, 1, 117) [[[  0.   1.   2.   3.   4.   5.   6.   7.   8.   9.  10.  11.  12.  13.
    14.  15.  16.  17.  18.  19.  20.  21.  22.  23.  24.  25.  26.  27.
    28.  29.  30.  31.  32.  33.  34.  35.  36.  37.  38.  39.  40.  41.
    42.  43.  44.  45.  46.  47.  48.  49.  50.  51.  52.  53.  54.  55.
    56.  57.  58.  59.  60.  61.  62.  63.  64.  65.  66.  67.  68.  69.
    70.  71.  72.  73.  74.  75.  76.  77.  78.  79.  80.  81.  82.  83.
    84.  85.  86.  87.  88.  89.  90.  91.  92.  93.  94.  95.  96.  97.
    98.  99. 100. 101. 102. 103. 104. 105. 106. 107. 108. 109. 110. 111.
   112. 113. 114. 115. 116.]]

 [[117. 118. 119. 120. 121. 122. 123. 124. 125. 126. 127. 128. 129. 130.
   131. 132. 133. 134. 135. 136. 137. 138. 139. 140. 141. 142. 143. 144.
   145. 146. 147. 148. 149. 150. 151. 152. 153. 154. 155. 156. 157. 158.
   159. 160. 161. 162. 163. 164. 165. 166. 167. 168. 169. 170. 171. 172.
   173. 174. 175. 176. 177. 178. 179. 180. 181. 182. 183. 184. 185. 186.
   187. 188. 189. 190. 191. 192. 193. 194. 195. 196. 197. 198. 199. 200.
   201. 202. 203. 204. 205. 206. 207. 208. 209. 210. 211. 212. 213. 214.
   215. 216. 217. 218. 219. 220. 221. 222. 223. 224. 225. 226. 227. 228.
   229. 230. 231. 232. 233.]]

 [[234. 235. 236. 237. 238. 239. 240. 241. 242. 243. 244. 245. 246. 247.
   248. 249. 250. 251. 252. 253. 254. 255. 256. 257. 258. 259. 260. 261.
   262. 263. 264. 265. 266. 267. 268. 269. 270. 271. 272. 273. 274. 275.
   276. 277. 278. 279. 280. 281. 282. 283. 284. 285. 286. 287. 288. 289.
   290. 291. 292. 293. 294. 295. 296. 297. 298. 299. 300. 301. 302. 303.
   304. 305. 306. 307. 308. 309. 310. 311. 312. 313. 314. 315. 316. 317.
   318. 319. 320. 321. 322. 323. 324. 325. 326. 327. 328. 329. 330. 331.
   332. 333. 334. 335. 336. 337. 338. 339. 340. 341. 342. 343. 344. 345.
   346. 347. 348. 349. 350.]]

 [[351. 352. 353. 354. 355. 356. 357. 358. 359. 360. 361. 362. 363. 364.
   365. 366. 367. 368. 369. 370. 371. 372. 373. 374. 375. 376. 377. 378.
   379. 380. 381. 382. 383. 384. 385. 386. 387. 388. 389. 390. 391. 392.
   393. 394. 395. 396. 397. 398. 399. 400. 401. 402. 403. 404. 405. 406.
   407. 408. 409. 410. 411. 412. 413. 414. 415. 416. 417. 418. 419. 420.
   421. 422. 423. 424. 425. 426. 427. 428. 429. 430. 431. 432. 433. 434.
   435. 436. 437. 438. 439. 440. 441. 442. 443. 444. 445. 446. 447. 448.
   449. 450. 451. 452. 453. 454. 455. 456. 457. 458. 459. 460. 461. 462.
   463. 464. 465. 466. 467.]]]
layer   10 nstripe    1 stride    1 sdepth   7488 wdepth    148 rate 5.176e+08 nmac      2 shapes [  1  64 117  16] [  1  62 115  16] [16  3  3 16] [16]
l.stripe.shape (575,) [  0.   1.   2.   3.   4.   5.   6.   7.   8.   9.  10.  11.  12.  13.
  14.  15.  16.  17.  18.  19.  20.  21.  22.  23.  24.  25.  26.  27.
  28.  29.  30.  31.  32.  33.  34.  35.  36.  37.  38.  39.  40.  41.
  42.  43.  44.  45.  46.  47.  48.  49.  50.  51.  52.  53.  54.  55.
  56.  57.  58.  59.  60.  61.  62.  63.  64.  65.  66.  67.  68.  69.
  70.  71.  72.  73.  74.  75.  76.  77.  78.  79.  80.  81.  82.  83.
  84.  85.  86.  87.  88.  89.  90.  91.  92.  93.  94.  95.  96.  97.
  98.  99. 100. 101. 102. 103. 104. 105. 106. 107. 108. 109. 110. 111.
 112. 113. 114. 115. 116. 117. 118. 119. 120. 121. 122. 123. 124. 125.
 126. 127. 128. 129. 130. 131. 132. 133. 134. 135. 136. 137. 138. 139.
 140. 141. 142. 143. 144. 145. 146. 147. 148. 149. 150. 151. 152. 153.
 154. 155. 156. 157. 158. 159. 160. 161. 162. 163. 164. 165. 166. 167.
 168. 169. 170. 171. 172. 173. 174. 175. 176. 177. 178. 179. 180. 181.
 182. 183. 184. 185. 186. 187. 188. 189. 190. 191. 192. 193. 194. 195.
 196. 197. 198. 199. 200. 201. 202. 203. 204. 205. 206. 207. 208. 209.
 210. 211. 212. 213. 214. 215. 216. 217. 218. 219. 220. 221. 222. 223.
 224. 225. 226. 227. 228. 229. 230. 231. 232. 233. 234. 235. 236. 237.
 238. 239. 240. 241. 242. 243. 244. 245. 246. 247. 248. 249. 250. 251.
 252. 253. 254. 255. 256. 257. 258. 259. 260. 261. 262. 263. 264. 265.
 266. 267. 268. 269. 270. 271. 272. 273. 274. 275. 276. 277. 278. 279.
 280. 281. 282. 283. 284. 285. 286. 287. 288. 289. 290. 291. 292. 293.
 294. 295. 296. 297. 298. 299. 300. 301. 302. 303. 304. 305. 306. 307.
 308. 309. 310. 311. 312. 313. 314. 315. 316. 317. 318. 319. 320. 321.
 322. 323. 324. 325. 326. 327. 328. 329. 330. 331. 332. 333. 334. 335.
 336. 337. 338. 339. 340. 341. 342. 343. 344. 345. 346. 347. 348. 349.
 350. 351. 352. 353. 354. 355. 356. 357. 358. 359. 360. 361. 362. 363.
 364. 365. 366. 367. 368. 369. 370. 371. 372. 373. 374. 375. 376. 377.
 378. 379. 380. 381. 382. 383. 384. 385. 386. 387. 388. 389. 390. 391.
 392. 393. 394. 395. 396. 397. 398. 399. 400. 401. 402. 403. 404. 405.
 406. 407. 408. 409. 410. 411. 412. 413. 414. 415. 416. 417. 418. 419.
 420. 421. 422. 423. 424. 425. 426. 427. 428. 429. 430. 431. 432. 433.
 434. 435. 436. 437. 438. 439. 440. 441. 442. 443. 444. 445. 446. 447.
 448. 449. 450. 451. 452. 453. 454. 455. 456. 457. 458. 459. 460. 461.
 462. 463. 464. 465. 466. 467. 468. 469. 470. 471. 472. 473. 474. 475.
 476. 477. 478. 479. 480. 481. 482. 483. 484. 485. 486. 487. 488. 489.
 490. 491. 492. 493. 494. 495. 496. 497. 498. 499. 500. 501. 502. 503.
 504. 505. 506. 507. 508. 509. 510. 511. 512. 513. 514. 515. 516. 517.
 518. 519. 520. 521. 522. 523. 524. 525. 526. 527. 528. 529. 530. 531.
 532. 533. 534. 535. 536. 537. 538. 539. 540. 541. 542. 543. 544. 545.
 546. 547. 548. 549. 550. 551. 552. 553. 554. 555. 556. 557. 558. 559.
 560. 561. 562. 563. 564. 565. 566. 567. 568. 569. 570. 571. 572. 573.
 574.]
l.stripe.shape (5, 115, 1) [[[  0.]
  [  1.]
  [  2.]
  [  3.]
  [  4.]
  [  5.]
  [  6.]
  [  7.]
  [  8.]
  [  9.]
  [ 10.]
  [ 11.]
  [ 12.]
  [ 13.]
  [ 14.]
  [ 15.]
  [ 16.]
  [ 17.]
  [ 18.]
  [ 19.]
  [ 20.]
  [ 21.]
  [ 22.]
  [ 23.]
  [ 24.]
  [ 25.]
  [ 26.]
  [ 27.]
  [ 28.]
  [ 29.]
  [ 30.]
  [ 31.]
  [ 32.]
  [ 33.]
  [ 34.]
  [ 35.]
  [ 36.]
  [ 37.]
  [ 38.]
  [ 39.]
  [ 40.]
  [ 41.]
  [ 42.]
  [ 43.]
  [ 44.]
  [ 45.]
  [ 46.]
  [ 47.]
  [ 48.]
  [ 49.]
  [ 50.]
  [ 51.]
  [ 52.]
  [ 53.]
  [ 54.]
  [ 55.]
  [ 56.]
  [ 57.]
  [ 58.]
  [ 59.]
  [ 60.]
  [ 61.]
  [ 62.]
  [ 63.]
  [ 64.]
  [ 65.]
  [ 66.]
  [ 67.]
  [ 68.]
  [ 69.]
  [ 70.]
  [ 71.]
  [ 72.]
  [ 73.]
  [ 74.]
  [ 75.]
  [ 76.]
  [ 77.]
  [ 78.]
  [ 79.]
  [ 80.]
  [ 81.]
  [ 82.]
  [ 83.]
  [ 84.]
  [ 85.]
  [ 86.]
  [ 87.]
  [ 88.]
  [ 89.]
  [ 90.]
  [ 91.]
  [ 92.]
  [ 93.]
  [ 94.]
  [ 95.]
  [ 96.]
  [ 97.]
  [ 98.]
  [ 99.]
  [100.]
  [101.]
  [102.]
  [103.]
  [104.]
  [105.]
  [106.]
  [107.]
  [108.]
  [109.]
  [110.]
  [111.]
  [112.]
  [113.]
  [114.]]

 [[115.]
  [116.]
  [117.]
  [118.]
  [119.]
  [120.]
  [121.]
  [122.]
  [123.]
  [124.]
  [125.]
  [126.]
  [127.]
  [128.]
  [129.]
  [130.]
  [131.]
  [132.]
  [133.]
  [134.]
  [135.]
  [136.]
  [137.]
  [138.]
  [139.]
  [140.]
  [141.]
  [142.]
  [143.]
  [144.]
  [145.]
  [146.]
  [147.]
  [148.]
  [149.]
  [150.]
  [151.]
  [152.]
  [153.]
  [154.]
  [155.]
  [156.]
  [157.]
  [158.]
  [159.]
  [160.]
  [161.]
  [162.]
  [163.]
  [164.]
  [165.]
  [166.]
  [167.]
  [168.]
  [169.]
  [170.]
  [171.]
  [172.]
  [173.]
  [174.]
  [175.]
  [176.]
  [177.]
  [178.]
  [179.]
  [180.]
  [181.]
  [182.]
  [183.]
  [184.]
  [185.]
  [186.]
  [187.]
  [188.]
  [189.]
  [190.]
  [191.]
  [192.]
  [193.]
  [194.]
  [195.]
  [196.]
  [197.]
  [198.]
  [199.]
  [200.]
  [201.]
  [202.]
  [203.]
  [204.]
  [205.]
  [206.]
  [207.]
  [208.]
  [209.]
  [210.]
  [211.]
  [212.]
  [213.]
  [214.]
  [215.]
  [216.]
  [217.]
  [218.]
  [219.]
  [220.]
  [221.]
  [222.]
  [223.]
  [224.]
  [225.]
  [226.]
  [227.]
  [228.]
  [229.]]

 [[230.]
  [231.]
  [232.]
  [233.]
  [234.]
  [235.]
  [236.]
  [237.]
  [238.]
  [239.]
  [240.]
  [241.]
  [242.]
  [243.]
  [244.]
  [245.]
  [246.]
  [247.]
  [248.]
  [249.]
  [250.]
  [251.]
  [252.]
  [253.]
  [254.]
  [255.]
  [256.]
  [257.]
  [258.]
  [259.]
  [260.]
  [261.]
  [262.]
  [263.]
  [264.]
  [265.]
  [266.]
  [267.]
  [268.]
  [269.]
  [270.]
  [271.]
  [272.]
  [273.]
  [274.]
  [275.]
  [276.]
  [277.]
  [278.]
  [279.]
  [280.]
  [281.]
  [282.]
  [283.]
  [284.]
  [285.]
  [286.]
  [287.]
  [288.]
  [289.]
  [290.]
  [291.]
  [292.]
  [293.]
  [294.]
  [295.]
  [296.]
  [297.]
  [298.]
  [299.]
  [300.]
  [301.]
  [302.]
  [303.]
  [304.]
  [305.]
  [306.]
  [307.]
  [308.]
  [309.]
  [310.]
  [311.]
  [312.]
  [313.]
  [314.]
  [315.]
  [316.]
  [317.]
  [318.]
  [319.]
  [320.]
  [321.]
  [322.]
  [323.]
  [324.]
  [325.]
  [326.]
  [327.]
  [328.]
  [329.]
  [330.]
  [331.]
  [332.]
  [333.]
  [334.]
  [335.]
  [336.]
  [337.]
  [338.]
  [339.]
  [340.]
  [341.]
  [342.]
  [343.]
  [344.]]

 [[345.]
  [346.]
  [347.]
  [348.]
  [349.]
  [350.]
  [351.]
  [352.]
  [353.]
  [354.]
  [355.]
  [356.]
  [357.]
  [358.]
  [359.]
  [360.]
  [361.]
  [362.]
  [363.]
  [364.]
  [365.]
  [366.]
  [367.]
  [368.]
  [369.]
  [370.]
  [371.]
  [372.]
  [373.]
  [374.]
  [375.]
  [376.]
  [377.]
  [378.]
  [379.]
  [380.]
  [381.]
  [382.]
  [383.]
  [384.]
  [385.]
  [386.]
  [387.]
  [388.]
  [389.]
  [390.]
  [391.]
  [392.]
  [393.]
  [394.]
  [395.]
  [396.]
  [397.]
  [398.]
  [399.]
  [400.]
  [401.]
  [402.]
  [403.]
  [404.]
  [405.]
  [406.]
  [407.]
  [408.]
  [409.]
  [410.]
  [411.]
  [412.]
  [413.]
  [414.]
  [415.]
  [416.]
  [417.]
  [418.]
  [419.]
  [420.]
  [421.]
  [422.]
  [423.]
  [424.]
  [425.]
  [426.]
  [427.]
  [428.]
  [429.]
  [430.]
  [431.]
  [432.]
  [433.]
  [434.]
  [435.]
  [436.]
  [437.]
  [438.]
  [439.]
  [440.]
  [441.]
  [442.]
  [443.]
  [444.]
  [445.]
  [446.]
  [447.]
  [448.]
  [449.]
  [450.]
  [451.]
  [452.]
  [453.]
  [454.]
  [455.]
  [456.]
  [457.]
  [458.]
  [459.]]

 [[460.]
  [461.]
  [462.]
  [463.]
  [464.]
  [465.]
  [466.]
  [467.]
  [468.]
  [469.]
  [470.]
  [471.]
  [472.]
  [473.]
  [474.]
  [475.]
  [476.]
  [477.]
  [478.]
  [479.]
  [480.]
  [481.]
  [482.]
  [483.]
  [484.]
  [485.]
  [486.]
  [487.]
  [488.]
  [489.]
  [490.]
  [491.]
  [492.]
  [493.]
  [494.]
  [495.]
  [496.]
  [497.]
  [498.]
  [499.]
  [500.]
  [501.]
  [502.]
  [503.]
  [504.]
  [505.]
  [506.]
  [507.]
  [508.]
  [509.]
  [510.]
  [511.]
  [512.]
  [513.]
  [514.]
  [515.]
  [516.]
  [517.]
  [518.]
  [519.]
  [520.]
  [521.]
  [522.]
  [523.]
  [524.]
  [525.]
  [526.]
  [527.]
  [528.]
  [529.]
  [530.]
  [531.]
  [532.]
  [533.]
  [534.]
  [535.]
  [536.]
  [537.]
  [538.]
  [539.]
  [540.]
  [541.]
  [542.]
  [543.]
  [544.]
  [545.]
  [546.]
  [547.]
  [548.]
  [549.]
  [550.]
  [551.]
  [552.]
  [553.]
  [554.]
  [555.]
  [556.]
  [557.]
  [558.]
  [559.]
  [560.]
  [561.]
  [562.]
  [563.]
  [564.]
  [565.]
  [566.]
  [567.]
  [568.]
  [569.]
  [570.]
  [571.]
  [572.]
  [573.]
  [574.]]]
l.stripe.shape (5, 1, 115) [[[  0.   1.   2.   3.   4.   5.   6.   7.   8.   9.  10.  11.  12.  13.
    14.  15.  16.  17.  18.  19.  20.  21.  22.  23.  24.  25.  26.  27.
    28.  29.  30.  31.  32.  33.  34.  35.  36.  37.  38.  39.  40.  41.
    42.  43.  44.  45.  46.  47.  48.  49.  50.  51.  52.  53.  54.  55.
    56.  57.  58.  59.  60.  61.  62.  63.  64.  65.  66.  67.  68.  69.
    70.  71.  72.  73.  74.  75.  76.  77.  78.  79.  80.  81.  82.  83.
    84.  85.  86.  87.  88.  89.  90.  91.  92.  93.  94.  95.  96.  97.
    98.  99. 100. 101. 102. 103. 104. 105. 106. 107. 108. 109. 110. 111.
   112. 113. 114.]]

 [[115. 116. 117. 118. 119. 120. 121. 122. 123. 124. 125. 126. 127. 128.
   129. 130. 131. 132. 133. 134. 135. 136. 137. 138. 139. 140. 141. 142.
   143. 144. 145. 146. 147. 148. 149. 150. 151. 152. 153. 154. 155. 156.
   157. 158. 159. 160. 161. 162. 163. 164. 165. 166. 167. 168. 169. 170.
   171. 172. 173. 174. 175. 176. 177. 178. 179. 180. 181. 182. 183. 184.
   185. 186. 187. 188. 189. 190. 191. 192. 193. 194. 195. 196. 197. 198.
   199. 200. 201. 202. 203. 204. 205. 206. 207. 208. 209. 210. 211. 212.
   213. 214. 215. 216. 217. 218. 219. 220. 221. 222. 223. 224. 225. 226.
   227. 228. 229.]]

 [[230. 231. 232. 233. 234. 235. 236. 237. 238. 239. 240. 241. 242. 243.
   244. 245. 246. 247. 248. 249. 250. 251. 252. 253. 254. 255. 256. 257.
   258. 259. 260. 261. 262. 263. 264. 265. 266. 267. 268. 269. 270. 271.
   272. 273. 274. 275. 276. 277. 278. 279. 280. 281. 282. 283. 284. 285.
   286. 287. 288. 289. 290. 291. 292. 293. 294. 295. 296. 297. 298. 299.
   300. 301. 302. 303. 304. 305. 306. 307. 308. 309. 310. 311. 312. 313.
   314. 315. 316. 317. 318. 319. 320. 321. 322. 323. 324. 325. 326. 327.
   328. 329. 330. 331. 332. 333. 334. 335. 336. 337. 338. 339. 340. 341.
   342. 343. 344.]]

 [[345. 346. 347. 348. 349. 350. 351. 352. 353. 354. 355. 356. 357. 358.
   359. 360. 361. 362. 363. 364. 365. 366. 367. 368. 369. 370. 371. 372.
   373. 374. 375. 376. 377. 378. 379. 380. 381. 382. 383. 384. 385. 386.
   387. 388. 389. 390. 391. 392. 393. 394. 395. 396. 397. 398. 399. 400.
   401. 402. 403. 404. 405. 406. 407. 408. 409. 410. 411. 412. 413. 414.
   415. 416. 417. 418. 419. 420. 421. 422. 423. 424. 425. 426. 427. 428.
   429. 430. 431. 432. 433. 434. 435. 436. 437. 438. 439. 440. 441. 442.
   443. 444. 445. 446. 447. 448. 449. 450. 451. 452. 453. 454. 455. 456.
   457. 458. 459.]]

 [[460. 461. 462. 463. 464. 465. 466. 467. 468. 469. 470. 471. 472. 473.
   474. 475. 476. 477. 478. 479. 480. 481. 482. 483. 484. 485. 486. 487.
   488. 489. 490. 491. 492. 493. 494. 495. 496. 497. 498. 499. 500. 501.
   502. 503. 504. 505. 506. 507. 508. 509. 510. 511. 512. 513. 514. 515.
   516. 517. 518. 519. 520. 521. 522. 523. 524. 525. 526. 527. 528. 529.
   530. 531. 532. 533. 534. 535. 536. 537. 538. 539. 540. 541. 542. 543.
   544. 545. 546. 547. 548. 549. 550. 551. 552. 553. 554. 555. 556. 557.
   558. 559. 560. 561. 562. 563. 564. 565. 566. 567. 568. 569. 570. 571.
   572. 573. 574.]]]
layer   11 nstripe    1 stride    2 sdepth   9200 wdepth    148 rate 1.232e+08 nmac      1 shapes [  1  62 115  16] [ 1 30 57 16] [16  3  3 16] [16]
l.stripe.shape (228,) [  0.   1.   2.   3.   4.   5.   6.   7.   8.   9.  10.  11.  12.  13.
  14.  15.  16.  17.  18.  19.  20.  21.  22.  23.  24.  25.  26.  27.
  28.  29.  30.  31.  32.  33.  34.  35.  36.  37.  38.  39.  40.  41.
  42.  43.  44.  45.  46.  47.  48.  49.  50.  51.  52.  53.  54.  55.
  56.  57.  58.  59.  60.  61.  62.  63.  64.  65.  66.  67.  68.  69.
  70.  71.  72.  73.  74.  75.  76.  77.  78.  79.  80.  81.  82.  83.
  84.  85.  86.  87.  88.  89.  90.  91.  92.  93.  94.  95.  96.  97.
  98.  99. 100. 101. 102. 103. 104. 105. 106. 107. 108. 109. 110. 111.
 112. 113. 114. 115. 116. 117. 118. 119. 120. 121. 122. 123. 124. 125.
 126. 127. 128. 129. 130. 131. 132. 133. 134. 135. 136. 137. 138. 139.
 140. 141. 142. 143. 144. 145. 146. 147. 148. 149. 150. 151. 152. 153.
 154. 155. 156. 157. 158. 159. 160. 161. 162. 163. 164. 165. 166. 167.
 168. 169. 170. 171. 172. 173. 174. 175. 176. 177. 178. 179. 180. 181.
 182. 183. 184. 185. 186. 187. 188. 189. 190. 191. 192. 193. 194. 195.
 196. 197. 198. 199. 200. 201. 202. 203. 204. 205. 206. 207. 208. 209.
 210. 211. 212. 213. 214. 215. 216. 217. 218. 219. 220. 221. 222. 223.
 224. 225. 226. 227.]
l.stripe.shape (4, 57, 1) [[[  0.]
  [  1.]
  [  2.]
  [  3.]
  [  4.]
  [  5.]
  [  6.]
  [  7.]
  [  8.]
  [  9.]
  [ 10.]
  [ 11.]
  [ 12.]
  [ 13.]
  [ 14.]
  [ 15.]
  [ 16.]
  [ 17.]
  [ 18.]
  [ 19.]
  [ 20.]
  [ 21.]
  [ 22.]
  [ 23.]
  [ 24.]
  [ 25.]
  [ 26.]
  [ 27.]
  [ 28.]
  [ 29.]
  [ 30.]
  [ 31.]
  [ 32.]
  [ 33.]
  [ 34.]
  [ 35.]
  [ 36.]
  [ 37.]
  [ 38.]
  [ 39.]
  [ 40.]
  [ 41.]
  [ 42.]
  [ 43.]
  [ 44.]
  [ 45.]
  [ 46.]
  [ 47.]
  [ 48.]
  [ 49.]
  [ 50.]
  [ 51.]
  [ 52.]
  [ 53.]
  [ 54.]
  [ 55.]
  [ 56.]]

 [[ 57.]
  [ 58.]
  [ 59.]
  [ 60.]
  [ 61.]
  [ 62.]
  [ 63.]
  [ 64.]
  [ 65.]
  [ 66.]
  [ 67.]
  [ 68.]
  [ 69.]
  [ 70.]
  [ 71.]
  [ 72.]
  [ 73.]
  [ 74.]
  [ 75.]
  [ 76.]
  [ 77.]
  [ 78.]
  [ 79.]
  [ 80.]
  [ 81.]
  [ 82.]
  [ 83.]
  [ 84.]
  [ 85.]
  [ 86.]
  [ 87.]
  [ 88.]
  [ 89.]
  [ 90.]
  [ 91.]
  [ 92.]
  [ 93.]
  [ 94.]
  [ 95.]
  [ 96.]
  [ 97.]
  [ 98.]
  [ 99.]
  [100.]
  [101.]
  [102.]
  [103.]
  [104.]
  [105.]
  [106.]
  [107.]
  [108.]
  [109.]
  [110.]
  [111.]
  [112.]
  [113.]]

 [[114.]
  [115.]
  [116.]
  [117.]
  [118.]
  [119.]
  [120.]
  [121.]
  [122.]
  [123.]
  [124.]
  [125.]
  [126.]
  [127.]
  [128.]
  [129.]
  [130.]
  [131.]
  [132.]
  [133.]
  [134.]
  [135.]
  [136.]
  [137.]
  [138.]
  [139.]
  [140.]
  [141.]
  [142.]
  [143.]
  [144.]
  [145.]
  [146.]
  [147.]
  [148.]
  [149.]
  [150.]
  [151.]
  [152.]
  [153.]
  [154.]
  [155.]
  [156.]
  [157.]
  [158.]
  [159.]
  [160.]
  [161.]
  [162.]
  [163.]
  [164.]
  [165.]
  [166.]
  [167.]
  [168.]
  [169.]
  [170.]]

 [[171.]
  [172.]
  [173.]
  [174.]
  [175.]
  [176.]
  [177.]
  [178.]
  [179.]
  [180.]
  [181.]
  [182.]
  [183.]
  [184.]
  [185.]
  [186.]
  [187.]
  [188.]
  [189.]
  [190.]
  [191.]
  [192.]
  [193.]
  [194.]
  [195.]
  [196.]
  [197.]
  [198.]
  [199.]
  [200.]
  [201.]
  [202.]
  [203.]
  [204.]
  [205.]
  [206.]
  [207.]
  [208.]
  [209.]
  [210.]
  [211.]
  [212.]
  [213.]
  [214.]
  [215.]
  [216.]
  [217.]
  [218.]
  [219.]
  [220.]
  [221.]
  [222.]
  [223.]
  [224.]
  [225.]
  [226.]
  [227.]]]
l.stripe.shape (4, 1, 57) [[[  0.   1.   2.   3.   4.   5.   6.   7.   8.   9.  10.  11.  12.  13.
    14.  15.  16.  17.  18.  19.  20.  21.  22.  23.  24.  25.  26.  27.
    28.  29.  30.  31.  32.  33.  34.  35.  36.  37.  38.  39.  40.  41.
    42.  43.  44.  45.  46.  47.  48.  49.  50.  51.  52.  53.  54.  55.
    56.]]

 [[ 57.  58.  59.  60.  61.  62.  63.  64.  65.  66.  67.  68.  69.  70.
    71.  72.  73.  74.  75.  76.  77.  78.  79.  80.  81.  82.  83.  84.
    85.  86.  87.  88.  89.  90.  91.  92.  93.  94.  95.  96.  97.  98.
    99. 100. 101. 102. 103. 104. 105. 106. 107. 108. 109. 110. 111. 112.
   113.]]

 [[114. 115. 116. 117. 118. 119. 120. 121. 122. 123. 124. 125. 126. 127.
   128. 129. 130. 131. 132. 133. 134. 135. 136. 137. 138. 139. 140. 141.
   142. 143. 144. 145. 146. 147. 148. 149. 150. 151. 152. 153. 154. 155.
   156. 157. 158. 159. 160. 161. 162. 163. 164. 165. 166. 167. 168. 169.
   170.]]

 [[171. 172. 173. 174. 175. 176. 177. 178. 179. 180. 181. 182. 183. 184.
   185. 186. 187. 188. 189. 190. 191. 192. 193. 194. 195. 196. 197. 198.
   199. 200. 201. 202. 203. 204. 205. 206. 207. 208. 209. 210. 211. 212.
   213. 214. 215. 216. 217. 218. 219. 220. 221. 222. 223. 224. 225. 226.
   227.]]]
layer   12 nstripe    1 stride    1 sdepth   3648 wdepth    148 rate 2.364e+08 nmac      1 shapes [ 1 30 57 16] [ 1 28 55 32] [32  3  3 16] [32]
l.stripe.shape (220,) [  0.   1.   2.   3.   4.   5.   6.   7.   8.   9.  10.  11.  12.  13.
  14.  15.  16.  17.  18.  19.  20.  21.  22.  23.  24.  25.  26.  27.
  28.  29.  30.  31.  32.  33.  34.  35.  36.  37.  38.  39.  40.  41.
  42.  43.  44.  45.  46.  47.  48.  49.  50.  51.  52.  53.  54.  55.
  56.  57.  58.  59.  60.  61.  62.  63.  64.  65.  66.  67.  68.  69.
  70.  71.  72.  73.  74.  75.  76.  77.  78.  79.  80.  81.  82.  83.
  84.  85.  86.  87.  88.  89.  90.  91.  92.  93.  94.  95.  96.  97.
  98.  99. 100. 101. 102. 103. 104. 105. 106. 107. 108. 109. 110. 111.
 112. 113. 114. 115. 116. 117. 118. 119. 120. 121. 122. 123. 124. 125.
 126. 127. 128. 129. 130. 131. 132. 133. 134. 135. 136. 137. 138. 139.
 140. 141. 142. 143. 144. 145. 146. 147. 148. 149. 150. 151. 152. 153.
 154. 155. 156. 157. 158. 159. 160. 161. 162. 163. 164. 165. 166. 167.
 168. 169. 170. 171. 172. 173. 174. 175. 176. 177. 178. 179. 180. 181.
 182. 183. 184. 185. 186. 187. 188. 189. 190. 191. 192. 193. 194. 195.
 196. 197. 198. 199. 200. 201. 202. 203. 204. 205. 206. 207. 208. 209.
 210. 211. 212. 213. 214. 215. 216. 217. 218. 219.]
l.stripe.shape (4, 55, 1) [[[  0.]
  [  1.]
  [  2.]
  [  3.]
  [  4.]
  [  5.]
  [  6.]
  [  7.]
  [  8.]
  [  9.]
  [ 10.]
  [ 11.]
  [ 12.]
  [ 13.]
  [ 14.]
  [ 15.]
  [ 16.]
  [ 17.]
  [ 18.]
  [ 19.]
  [ 20.]
  [ 21.]
  [ 22.]
  [ 23.]
  [ 24.]
  [ 25.]
  [ 26.]
  [ 27.]
  [ 28.]
  [ 29.]
  [ 30.]
  [ 31.]
  [ 32.]
  [ 33.]
  [ 34.]
  [ 35.]
  [ 36.]
  [ 37.]
  [ 38.]
  [ 39.]
  [ 40.]
  [ 41.]
  [ 42.]
  [ 43.]
  [ 44.]
  [ 45.]
  [ 46.]
  [ 47.]
  [ 48.]
  [ 49.]
  [ 50.]
  [ 51.]
  [ 52.]
  [ 53.]
  [ 54.]]

 [[ 55.]
  [ 56.]
  [ 57.]
  [ 58.]
  [ 59.]
  [ 60.]
  [ 61.]
  [ 62.]
  [ 63.]
  [ 64.]
  [ 65.]
  [ 66.]
  [ 67.]
  [ 68.]
  [ 69.]
  [ 70.]
  [ 71.]
  [ 72.]
  [ 73.]
  [ 74.]
  [ 75.]
  [ 76.]
  [ 77.]
  [ 78.]
  [ 79.]
  [ 80.]
  [ 81.]
  [ 82.]
  [ 83.]
  [ 84.]
  [ 85.]
  [ 86.]
  [ 87.]
  [ 88.]
  [ 89.]
  [ 90.]
  [ 91.]
  [ 92.]
  [ 93.]
  [ 94.]
  [ 95.]
  [ 96.]
  [ 97.]
  [ 98.]
  [ 99.]
  [100.]
  [101.]
  [102.]
  [103.]
  [104.]
  [105.]
  [106.]
  [107.]
  [108.]
  [109.]]

 [[110.]
  [111.]
  [112.]
  [113.]
  [114.]
  [115.]
  [116.]
  [117.]
  [118.]
  [119.]
  [120.]
  [121.]
  [122.]
  [123.]
  [124.]
  [125.]
  [126.]
  [127.]
  [128.]
  [129.]
  [130.]
  [131.]
  [132.]
  [133.]
  [134.]
  [135.]
  [136.]
  [137.]
  [138.]
  [139.]
  [140.]
  [141.]
  [142.]
  [143.]
  [144.]
  [145.]
  [146.]
  [147.]
  [148.]
  [149.]
  [150.]
  [151.]
  [152.]
  [153.]
  [154.]
  [155.]
  [156.]
  [157.]
  [158.]
  [159.]
  [160.]
  [161.]
  [162.]
  [163.]
  [164.]]

 [[165.]
  [166.]
  [167.]
  [168.]
  [169.]
  [170.]
  [171.]
  [172.]
  [173.]
  [174.]
  [175.]
  [176.]
  [177.]
  [178.]
  [179.]
  [180.]
  [181.]
  [182.]
  [183.]
  [184.]
  [185.]
  [186.]
  [187.]
  [188.]
  [189.]
  [190.]
  [191.]
  [192.]
  [193.]
  [194.]
  [195.]
  [196.]
  [197.]
  [198.]
  [199.]
  [200.]
  [201.]
  [202.]
  [203.]
  [204.]
  [205.]
  [206.]
  [207.]
  [208.]
  [209.]
  [210.]
  [211.]
  [212.]
  [213.]
  [214.]
  [215.]
  [216.]
  [217.]
  [218.]
  [219.]]]
l.stripe.shape (4, 1, 55) [[[  0.   1.   2.   3.   4.   5.   6.   7.   8.   9.  10.  11.  12.  13.
    14.  15.  16.  17.  18.  19.  20.  21.  22.  23.  24.  25.  26.  27.
    28.  29.  30.  31.  32.  33.  34.  35.  36.  37.  38.  39.  40.  41.
    42.  43.  44.  45.  46.  47.  48.  49.  50.  51.  52.  53.  54.]]

 [[ 55.  56.  57.  58.  59.  60.  61.  62.  63.  64.  65.  66.  67.  68.
    69.  70.  71.  72.  73.  74.  75.  76.  77.  78.  79.  80.  81.  82.
    83.  84.  85.  86.  87.  88.  89.  90.  91.  92.  93.  94.  95.  96.
    97.  98.  99. 100. 101. 102. 103. 104. 105. 106. 107. 108. 109.]]

 [[110. 111. 112. 113. 114. 115. 116. 117. 118. 119. 120. 121. 122. 123.
   124. 125. 126. 127. 128. 129. 130. 131. 132. 133. 134. 135. 136. 137.
   138. 139. 140. 141. 142. 143. 144. 145. 146. 147. 148. 149. 150. 151.
   152. 153. 154. 155. 156. 157. 158. 159. 160. 161. 162. 163. 164.]]

 [[165. 166. 167. 168. 169. 170. 171. 172. 173. 174. 175. 176. 177. 178.
   179. 180. 181. 182. 183. 184. 185. 186. 187. 188. 189. 190. 191. 192.
   193. 194. 195. 196. 197. 198. 199. 200. 201. 202. 203. 204. 205. 206.
   207. 208. 209. 210. 211. 212. 213. 214. 215. 216. 217. 218. 219.]]]
layer   13 nstripe    1 stride    1 sdepth   7040 wdepth    292 rate 4.258e+08 nmac      1 shapes [ 1 28 55 32] [ 1 26 53 32] [32  3  3 32] [32]
l.stripe.shape (212,) [  0.   1.   2.   3.   4.   5.   6.   7.   8.   9.  10.  11.  12.  13.
  14.  15.  16.  17.  18.  19.  20.  21.  22.  23.  24.  25.  26.  27.
  28.  29.  30.  31.  32.  33.  34.  35.  36.  37.  38.  39.  40.  41.
  42.  43.  44.  45.  46.  47.  48.  49.  50.  51.  52.  53.  54.  55.
  56.  57.  58.  59.  60.  61.  62.  63.  64.  65.  66.  67.  68.  69.
  70.  71.  72.  73.  74.  75.  76.  77.  78.  79.  80.  81.  82.  83.
  84.  85.  86.  87.  88.  89.  90.  91.  92.  93.  94.  95.  96.  97.
  98.  99. 100. 101. 102. 103. 104. 105. 106. 107. 108. 109. 110. 111.
 112. 113. 114. 115. 116. 117. 118. 119. 120. 121. 122. 123. 124. 125.
 126. 127. 128. 129. 130. 131. 132. 133. 134. 135. 136. 137. 138. 139.
 140. 141. 142. 143. 144. 145. 146. 147. 148. 149. 150. 151. 152. 153.
 154. 155. 156. 157. 158. 159. 160. 161. 162. 163. 164. 165. 166. 167.
 168. 169. 170. 171. 172. 173. 174. 175. 176. 177. 178. 179. 180. 181.
 182. 183. 184. 185. 186. 187. 188. 189. 190. 191. 192. 193. 194. 195.
 196. 197. 198. 199. 200. 201. 202. 203. 204. 205. 206. 207. 208. 209.
 210. 211.]
l.stripe.shape (4, 53, 1) [[[  0.]
  [  1.]
  [  2.]
  [  3.]
  [  4.]
  [  5.]
  [  6.]
  [  7.]
  [  8.]
  [  9.]
  [ 10.]
  [ 11.]
  [ 12.]
  [ 13.]
  [ 14.]
  [ 15.]
  [ 16.]
  [ 17.]
  [ 18.]
  [ 19.]
  [ 20.]
  [ 21.]
  [ 22.]
  [ 23.]
  [ 24.]
  [ 25.]
  [ 26.]
  [ 27.]
  [ 28.]
  [ 29.]
  [ 30.]
  [ 31.]
  [ 32.]
  [ 33.]
  [ 34.]
  [ 35.]
  [ 36.]
  [ 37.]
  [ 38.]
  [ 39.]
  [ 40.]
  [ 41.]
  [ 42.]
  [ 43.]
  [ 44.]
  [ 45.]
  [ 46.]
  [ 47.]
  [ 48.]
  [ 49.]
  [ 50.]
  [ 51.]
  [ 52.]]

 [[ 53.]
  [ 54.]
  [ 55.]
  [ 56.]
  [ 57.]
  [ 58.]
  [ 59.]
  [ 60.]
  [ 61.]
  [ 62.]
  [ 63.]
  [ 64.]
  [ 65.]
  [ 66.]
  [ 67.]
  [ 68.]
  [ 69.]
  [ 70.]
  [ 71.]
  [ 72.]
  [ 73.]
  [ 74.]
  [ 75.]
  [ 76.]
  [ 77.]
  [ 78.]
  [ 79.]
  [ 80.]
  [ 81.]
  [ 82.]
  [ 83.]
  [ 84.]
  [ 85.]
  [ 86.]
  [ 87.]
  [ 88.]
  [ 89.]
  [ 90.]
  [ 91.]
  [ 92.]
  [ 93.]
  [ 94.]
  [ 95.]
  [ 96.]
  [ 97.]
  [ 98.]
  [ 99.]
  [100.]
  [101.]
  [102.]
  [103.]
  [104.]
  [105.]]

 [[106.]
  [107.]
  [108.]
  [109.]
  [110.]
  [111.]
  [112.]
  [113.]
  [114.]
  [115.]
  [116.]
  [117.]
  [118.]
  [119.]
  [120.]
  [121.]
  [122.]
  [123.]
  [124.]
  [125.]
  [126.]
  [127.]
  [128.]
  [129.]
  [130.]
  [131.]
  [132.]
  [133.]
  [134.]
  [135.]
  [136.]
  [137.]
  [138.]
  [139.]
  [140.]
  [141.]
  [142.]
  [143.]
  [144.]
  [145.]
  [146.]
  [147.]
  [148.]
  [149.]
  [150.]
  [151.]
  [152.]
  [153.]
  [154.]
  [155.]
  [156.]
  [157.]
  [158.]]

 [[159.]
  [160.]
  [161.]
  [162.]
  [163.]
  [164.]
  [165.]
  [166.]
  [167.]
  [168.]
  [169.]
  [170.]
  [171.]
  [172.]
  [173.]
  [174.]
  [175.]
  [176.]
  [177.]
  [178.]
  [179.]
  [180.]
  [181.]
  [182.]
  [183.]
  [184.]
  [185.]
  [186.]
  [187.]
  [188.]
  [189.]
  [190.]
  [191.]
  [192.]
  [193.]
  [194.]
  [195.]
  [196.]
  [197.]
  [198.]
  [199.]
  [200.]
  [201.]
  [202.]
  [203.]
  [204.]
  [205.]
  [206.]
  [207.]
  [208.]
  [209.]
  [210.]
  [211.]]]
l.stripe.shape (4, 1, 53) [[[  0.   1.   2.   3.   4.   5.   6.   7.   8.   9.  10.  11.  12.  13.
    14.  15.  16.  17.  18.  19.  20.  21.  22.  23.  24.  25.  26.  27.
    28.  29.  30.  31.  32.  33.  34.  35.  36.  37.  38.  39.  40.  41.
    42.  43.  44.  45.  46.  47.  48.  49.  50.  51.  52.]]

 [[ 53.  54.  55.  56.  57.  58.  59.  60.  61.  62.  63.  64.  65.  66.
    67.  68.  69.  70.  71.  72.  73.  74.  75.  76.  77.  78.  79.  80.
    81.  82.  83.  84.  85.  86.  87.  88.  89.  90.  91.  92.  93.  94.
    95.  96.  97.  98.  99. 100. 101. 102. 103. 104. 105.]]

 [[106. 107. 108. 109. 110. 111. 112. 113. 114. 115. 116. 117. 118. 119.
   120. 121. 122. 123. 124. 125. 126. 127. 128. 129. 130. 131. 132. 133.
   134. 135. 136. 137. 138. 139. 140. 141. 142. 143. 144. 145. 146. 147.
   148. 149. 150. 151. 152. 153. 154. 155. 156. 157. 158.]]

 [[159. 160. 161. 162. 163. 164. 165. 166. 167. 168. 169. 170. 171. 172.
   173. 174. 175. 176. 177. 178. 179. 180. 181. 182. 183. 184. 185. 186.
   187. 188. 189. 190. 191. 192. 193. 194. 195. 196. 197. 198. 199. 200.
   201. 202. 203. 204. 205. 206. 207. 208. 209. 210. 211.]]]
layer   14 nstripe    1 stride    1 sdepth   6784 wdepth    292 rate 3.810e+08 nmac      1 shapes [ 1 26 53 32] [ 1 24 51 32] [32  3  3 32] [32]
l.stripe.shape (204,) [  0.   1.   2.   3.   4.   5.   6.   7.   8.   9.  10.  11.  12.  13.
  14.  15.  16.  17.  18.  19.  20.  21.  22.  23.  24.  25.  26.  27.
  28.  29.  30.  31.  32.  33.  34.  35.  36.  37.  38.  39.  40.  41.
  42.  43.  44.  45.  46.  47.  48.  49.  50.  51.  52.  53.  54.  55.
  56.  57.  58.  59.  60.  61.  62.  63.  64.  65.  66.  67.  68.  69.
  70.  71.  72.  73.  74.  75.  76.  77.  78.  79.  80.  81.  82.  83.
  84.  85.  86.  87.  88.  89.  90.  91.  92.  93.  94.  95.  96.  97.
  98.  99. 100. 101. 102. 103. 104. 105. 106. 107. 108. 109. 110. 111.
 112. 113. 114. 115. 116. 117. 118. 119. 120. 121. 122. 123. 124. 125.
 126. 127. 128. 129. 130. 131. 132. 133. 134. 135. 136. 137. 138. 139.
 140. 141. 142. 143. 144. 145. 146. 147. 148. 149. 150. 151. 152. 153.
 154. 155. 156. 157. 158. 159. 160. 161. 162. 163. 164. 165. 166. 167.
 168. 169. 170. 171. 172. 173. 174. 175. 176. 177. 178. 179. 180. 181.
 182. 183. 184. 185. 186. 187. 188. 189. 190. 191. 192. 193. 194. 195.
 196. 197. 198. 199. 200. 201. 202. 203.]
l.stripe.shape (4, 51, 1) [[[  0.]
  [  1.]
  [  2.]
  [  3.]
  [  4.]
  [  5.]
  [  6.]
  [  7.]
  [  8.]
  [  9.]
  [ 10.]
  [ 11.]
  [ 12.]
  [ 13.]
  [ 14.]
  [ 15.]
  [ 16.]
  [ 17.]
  [ 18.]
  [ 19.]
  [ 20.]
  [ 21.]
  [ 22.]
  [ 23.]
  [ 24.]
  [ 25.]
  [ 26.]
  [ 27.]
  [ 28.]
  [ 29.]
  [ 30.]
  [ 31.]
  [ 32.]
  [ 33.]
  [ 34.]
  [ 35.]
  [ 36.]
  [ 37.]
  [ 38.]
  [ 39.]
  [ 40.]
  [ 41.]
  [ 42.]
  [ 43.]
  [ 44.]
  [ 45.]
  [ 46.]
  [ 47.]
  [ 48.]
  [ 49.]
  [ 50.]]

 [[ 51.]
  [ 52.]
  [ 53.]
  [ 54.]
  [ 55.]
  [ 56.]
  [ 57.]
  [ 58.]
  [ 59.]
  [ 60.]
  [ 61.]
  [ 62.]
  [ 63.]
  [ 64.]
  [ 65.]
  [ 66.]
  [ 67.]
  [ 68.]
  [ 69.]
  [ 70.]
  [ 71.]
  [ 72.]
  [ 73.]
  [ 74.]
  [ 75.]
  [ 76.]
  [ 77.]
  [ 78.]
  [ 79.]
  [ 80.]
  [ 81.]
  [ 82.]
  [ 83.]
  [ 84.]
  [ 85.]
  [ 86.]
  [ 87.]
  [ 88.]
  [ 89.]
  [ 90.]
  [ 91.]
  [ 92.]
  [ 93.]
  [ 94.]
  [ 95.]
  [ 96.]
  [ 97.]
  [ 98.]
  [ 99.]
  [100.]
  [101.]]

 [[102.]
  [103.]
  [104.]
  [105.]
  [106.]
  [107.]
  [108.]
  [109.]
  [110.]
  [111.]
  [112.]
  [113.]
  [114.]
  [115.]
  [116.]
  [117.]
  [118.]
  [119.]
  [120.]
  [121.]
  [122.]
  [123.]
  [124.]
  [125.]
  [126.]
  [127.]
  [128.]
  [129.]
  [130.]
  [131.]
  [132.]
  [133.]
  [134.]
  [135.]
  [136.]
  [137.]
  [138.]
  [139.]
  [140.]
  [141.]
  [142.]
  [143.]
  [144.]
  [145.]
  [146.]
  [147.]
  [148.]
  [149.]
  [150.]
  [151.]
  [152.]]

 [[153.]
  [154.]
  [155.]
  [156.]
  [157.]
  [158.]
  [159.]
  [160.]
  [161.]
  [162.]
  [163.]
  [164.]
  [165.]
  [166.]
  [167.]
  [168.]
  [169.]
  [170.]
  [171.]
  [172.]
  [173.]
  [174.]
  [175.]
  [176.]
  [177.]
  [178.]
  [179.]
  [180.]
  [181.]
  [182.]
  [183.]
  [184.]
  [185.]
  [186.]
  [187.]
  [188.]
  [189.]
  [190.]
  [191.]
  [192.]
  [193.]
  [194.]
  [195.]
  [196.]
  [197.]
  [198.]
  [199.]
  [200.]
  [201.]
  [202.]
  [203.]]]
l.stripe.shape (4, 1, 51) [[[  0.   1.   2.   3.   4.   5.   6.   7.   8.   9.  10.  11.  12.  13.
    14.  15.  16.  17.  18.  19.  20.  21.  22.  23.  24.  25.  26.  27.
    28.  29.  30.  31.  32.  33.  34.  35.  36.  37.  38.  39.  40.  41.
    42.  43.  44.  45.  46.  47.  48.  49.  50.]]

 [[ 51.  52.  53.  54.  55.  56.  57.  58.  59.  60.  61.  62.  63.  64.
    65.  66.  67.  68.  69.  70.  71.  72.  73.  74.  75.  76.  77.  78.
    79.  80.  81.  82.  83.  84.  85.  86.  87.  88.  89.  90.  91.  92.
    93.  94.  95.  96.  97.  98.  99. 100. 101.]]

 [[102. 103. 104. 105. 106. 107. 108. 109. 110. 111. 112. 113. 114. 115.
   116. 117. 118. 119. 120. 121. 122. 123. 124. 125. 126. 127. 128. 129.
   130. 131. 132. 133. 134. 135. 136. 137. 138. 139. 140. 141. 142. 143.
   144. 145. 146. 147. 148. 149. 150. 151. 152.]]

 [[153. 154. 155. 156. 157. 158. 159. 160. 161. 162. 163. 164. 165. 166.
   167. 168. 169. 170. 171. 172. 173. 174. 175. 176. 177. 178. 179. 180.
   181. 182. 183. 184. 185. 186. 187. 188. 189. 190. 191. 192. 193. 194.
   195. 196. 197. 198. 199. 200. 201. 202. 203.]]]
layer   15 nstripe    1 stride    1 sdepth   6528 wdepth    292 rate 3.384e+08 nmac      1 shapes [ 1 24 51 32] [ 1 22 49 32] [32  3  3 32] [32]
l.stripe.shape (196,) [  0.   1.   2.   3.   4.   5.   6.   7.   8.   9.  10.  11.  12.  13.
  14.  15.  16.  17.  18.  19.  20.  21.  22.  23.  24.  25.  26.  27.
  28.  29.  30.  31.  32.  33.  34.  35.  36.  37.  38.  39.  40.  41.
  42.  43.  44.  45.  46.  47.  48.  49.  50.  51.  52.  53.  54.  55.
  56.  57.  58.  59.  60.  61.  62.  63.  64.  65.  66.  67.  68.  69.
  70.  71.  72.  73.  74.  75.  76.  77.  78.  79.  80.  81.  82.  83.
  84.  85.  86.  87.  88.  89.  90.  91.  92.  93.  94.  95.  96.  97.
  98.  99. 100. 101. 102. 103. 104. 105. 106. 107. 108. 109. 110. 111.
 112. 113. 114. 115. 116. 117. 118. 119. 120. 121. 122. 123. 124. 125.
 126. 127. 128. 129. 130. 131. 132. 133. 134. 135. 136. 137. 138. 139.
 140. 141. 142. 143. 144. 145. 146. 147. 148. 149. 150. 151. 152. 153.
 154. 155. 156. 157. 158. 159. 160. 161. 162. 163. 164. 165. 166. 167.
 168. 169. 170. 171. 172. 173. 174. 175. 176. 177. 178. 179. 180. 181.
 182. 183. 184. 185. 186. 187. 188. 189. 190. 191. 192. 193. 194. 195.]
l.stripe.shape (4, 49, 1) [[[  0.]
  [  1.]
  [  2.]
  [  3.]
  [  4.]
  [  5.]
  [  6.]
  [  7.]
  [  8.]
  [  9.]
  [ 10.]
  [ 11.]
  [ 12.]
  [ 13.]
  [ 14.]
  [ 15.]
  [ 16.]
  [ 17.]
  [ 18.]
  [ 19.]
  [ 20.]
  [ 21.]
  [ 22.]
  [ 23.]
  [ 24.]
  [ 25.]
  [ 26.]
  [ 27.]
  [ 28.]
  [ 29.]
  [ 30.]
  [ 31.]
  [ 32.]
  [ 33.]
  [ 34.]
  [ 35.]
  [ 36.]
  [ 37.]
  [ 38.]
  [ 39.]
  [ 40.]
  [ 41.]
  [ 42.]
  [ 43.]
  [ 44.]
  [ 45.]
  [ 46.]
  [ 47.]
  [ 48.]]

 [[ 49.]
  [ 50.]
  [ 51.]
  [ 52.]
  [ 53.]
  [ 54.]
  [ 55.]
  [ 56.]
  [ 57.]
  [ 58.]
  [ 59.]
  [ 60.]
  [ 61.]
  [ 62.]
  [ 63.]
  [ 64.]
  [ 65.]
  [ 66.]
  [ 67.]
  [ 68.]
  [ 69.]
  [ 70.]
  [ 71.]
  [ 72.]
  [ 73.]
  [ 74.]
  [ 75.]
  [ 76.]
  [ 77.]
  [ 78.]
  [ 79.]
  [ 80.]
  [ 81.]
  [ 82.]
  [ 83.]
  [ 84.]
  [ 85.]
  [ 86.]
  [ 87.]
  [ 88.]
  [ 89.]
  [ 90.]
  [ 91.]
  [ 92.]
  [ 93.]
  [ 94.]
  [ 95.]
  [ 96.]
  [ 97.]]

 [[ 98.]
  [ 99.]
  [100.]
  [101.]
  [102.]
  [103.]
  [104.]
  [105.]
  [106.]
  [107.]
  [108.]
  [109.]
  [110.]
  [111.]
  [112.]
  [113.]
  [114.]
  [115.]
  [116.]
  [117.]
  [118.]
  [119.]
  [120.]
  [121.]
  [122.]
  [123.]
  [124.]
  [125.]
  [126.]
  [127.]
  [128.]
  [129.]
  [130.]
  [131.]
  [132.]
  [133.]
  [134.]
  [135.]
  [136.]
  [137.]
  [138.]
  [139.]
  [140.]
  [141.]
  [142.]
  [143.]
  [144.]
  [145.]
  [146.]]

 [[147.]
  [148.]
  [149.]
  [150.]
  [151.]
  [152.]
  [153.]
  [154.]
  [155.]
  [156.]
  [157.]
  [158.]
  [159.]
  [160.]
  [161.]
  [162.]
  [163.]
  [164.]
  [165.]
  [166.]
  [167.]
  [168.]
  [169.]
  [170.]
  [171.]
  [172.]
  [173.]
  [174.]
  [175.]
  [176.]
  [177.]
  [178.]
  [179.]
  [180.]
  [181.]
  [182.]
  [183.]
  [184.]
  [185.]
  [186.]
  [187.]
  [188.]
  [189.]
  [190.]
  [191.]
  [192.]
  [193.]
  [194.]
  [195.]]]
l.stripe.shape (4, 1, 49) [[[  0.   1.   2.   3.   4.   5.   6.   7.   8.   9.  10.  11.  12.  13.
    14.  15.  16.  17.  18.  19.  20.  21.  22.  23.  24.  25.  26.  27.
    28.  29.  30.  31.  32.  33.  34.  35.  36.  37.  38.  39.  40.  41.
    42.  43.  44.  45.  46.  47.  48.]]

 [[ 49.  50.  51.  52.  53.  54.  55.  56.  57.  58.  59.  60.  61.  62.
    63.  64.  65.  66.  67.  68.  69.  70.  71.  72.  73.  74.  75.  76.
    77.  78.  79.  80.  81.  82.  83.  84.  85.  86.  87.  88.  89.  90.
    91.  92.  93.  94.  95.  96.  97.]]

 [[ 98.  99. 100. 101. 102. 103. 104. 105. 106. 107. 108. 109. 110. 111.
   112. 113. 114. 115. 116. 117. 118. 119. 120. 121. 122. 123. 124. 125.
   126. 127. 128. 129. 130. 131. 132. 133. 134. 135. 136. 137. 138. 139.
   140. 141. 142. 143. 144. 145. 146.]]

 [[147. 148. 149. 150. 151. 152. 153. 154. 155. 156. 157. 158. 159. 160.
   161. 162. 163. 164. 165. 166. 167. 168. 169. 170. 171. 172. 173. 174.
   175. 176. 177. 178. 179. 180. 181. 182. 183. 184. 185. 186. 187. 188.
   189. 190. 191. 192. 193. 194. 195.]]]
layer   16 nstripe    1 stride    1 sdepth   6272 wdepth    292 rate 2.980e+08 nmac      1 shapes [ 1 22 49 32] [ 1 20 47 32] [32  3  3 32] [32]
l.stripe.shape (188,) [  0.   1.   2.   3.   4.   5.   6.   7.   8.   9.  10.  11.  12.  13.
  14.  15.  16.  17.  18.  19.  20.  21.  22.  23.  24.  25.  26.  27.
  28.  29.  30.  31.  32.  33.  34.  35.  36.  37.  38.  39.  40.  41.
  42.  43.  44.  45.  46.  47.  48.  49.  50.  51.  52.  53.  54.  55.
  56.  57.  58.  59.  60.  61.  62.  63.  64.  65.  66.  67.  68.  69.
  70.  71.  72.  73.  74.  75.  76.  77.  78.  79.  80.  81.  82.  83.
  84.  85.  86.  87.  88.  89.  90.  91.  92.  93.  94.  95.  96.  97.
  98.  99. 100. 101. 102. 103. 104. 105. 106. 107. 108. 109. 110. 111.
 112. 113. 114. 115. 116. 117. 118. 119. 120. 121. 122. 123. 124. 125.
 126. 127. 128. 129. 130. 131. 132. 133. 134. 135. 136. 137. 138. 139.
 140. 141. 142. 143. 144. 145. 146. 147. 148. 149. 150. 151. 152. 153.
 154. 155. 156. 157. 158. 159. 160. 161. 162. 163. 164. 165. 166. 167.
 168. 169. 170. 171. 172. 173. 174. 175. 176. 177. 178. 179. 180. 181.
 182. 183. 184. 185. 186. 187.]
l.stripe.shape (4, 47, 1) [[[  0.]
  [  1.]
  [  2.]
  [  3.]
  [  4.]
  [  5.]
  [  6.]
  [  7.]
  [  8.]
  [  9.]
  [ 10.]
  [ 11.]
  [ 12.]
  [ 13.]
  [ 14.]
  [ 15.]
  [ 16.]
  [ 17.]
  [ 18.]
  [ 19.]
  [ 20.]
  [ 21.]
  [ 22.]
  [ 23.]
  [ 24.]
  [ 25.]
  [ 26.]
  [ 27.]
  [ 28.]
  [ 29.]
  [ 30.]
  [ 31.]
  [ 32.]
  [ 33.]
  [ 34.]
  [ 35.]
  [ 36.]
  [ 37.]
  [ 38.]
  [ 39.]
  [ 40.]
  [ 41.]
  [ 42.]
  [ 43.]
  [ 44.]
  [ 45.]
  [ 46.]]

 [[ 47.]
  [ 48.]
  [ 49.]
  [ 50.]
  [ 51.]
  [ 52.]
  [ 53.]
  [ 54.]
  [ 55.]
  [ 56.]
  [ 57.]
  [ 58.]
  [ 59.]
  [ 60.]
  [ 61.]
  [ 62.]
  [ 63.]
  [ 64.]
  [ 65.]
  [ 66.]
  [ 67.]
  [ 68.]
  [ 69.]
  [ 70.]
  [ 71.]
  [ 72.]
  [ 73.]
  [ 74.]
  [ 75.]
  [ 76.]
  [ 77.]
  [ 78.]
  [ 79.]
  [ 80.]
  [ 81.]
  [ 82.]
  [ 83.]
  [ 84.]
  [ 85.]
  [ 86.]
  [ 87.]
  [ 88.]
  [ 89.]
  [ 90.]
  [ 91.]
  [ 92.]
  [ 93.]]

 [[ 94.]
  [ 95.]
  [ 96.]
  [ 97.]
  [ 98.]
  [ 99.]
  [100.]
  [101.]
  [102.]
  [103.]
  [104.]
  [105.]
  [106.]
  [107.]
  [108.]
  [109.]
  [110.]
  [111.]
  [112.]
  [113.]
  [114.]
  [115.]
  [116.]
  [117.]
  [118.]
  [119.]
  [120.]
  [121.]
  [122.]
  [123.]
  [124.]
  [125.]
  [126.]
  [127.]
  [128.]
  [129.]
  [130.]
  [131.]
  [132.]
  [133.]
  [134.]
  [135.]
  [136.]
  [137.]
  [138.]
  [139.]
  [140.]]

 [[141.]
  [142.]
  [143.]
  [144.]
  [145.]
  [146.]
  [147.]
  [148.]
  [149.]
  [150.]
  [151.]
  [152.]
  [153.]
  [154.]
  [155.]
  [156.]
  [157.]
  [158.]
  [159.]
  [160.]
  [161.]
  [162.]
  [163.]
  [164.]
  [165.]
  [166.]
  [167.]
  [168.]
  [169.]
  [170.]
  [171.]
  [172.]
  [173.]
  [174.]
  [175.]
  [176.]
  [177.]
  [178.]
  [179.]
  [180.]
  [181.]
  [182.]
  [183.]
  [184.]
  [185.]
  [186.]
  [187.]]]
l.stripe.shape (4, 1, 47) [[[  0.   1.   2.   3.   4.   5.   6.   7.   8.   9.  10.  11.  12.  13.
    14.  15.  16.  17.  18.  19.  20.  21.  22.  23.  24.  25.  26.  27.
    28.  29.  30.  31.  32.  33.  34.  35.  36.  37.  38.  39.  40.  41.
    42.  43.  44.  45.  46.]]

 [[ 47.  48.  49.  50.  51.  52.  53.  54.  55.  56.  57.  58.  59.  60.
    61.  62.  63.  64.  65.  66.  67.  68.  69.  70.  71.  72.  73.  74.
    75.  76.  77.  78.  79.  80.  81.  82.  83.  84.  85.  86.  87.  88.
    89.  90.  91.  92.  93.]]

 [[ 94.  95.  96.  97.  98.  99. 100. 101. 102. 103. 104. 105. 106. 107.
   108. 109. 110. 111. 112. 113. 114. 115. 116. 117. 118. 119. 120. 121.
   122. 123. 124. 125. 126. 127. 128. 129. 130. 131. 132. 133. 134. 135.
   136. 137. 138. 139. 140.]]

 [[141. 142. 143. 144. 145. 146. 147. 148. 149. 150. 151. 152. 153. 154.
   155. 156. 157. 158. 159. 160. 161. 162. 163. 164. 165. 166. 167. 168.
   169. 170. 171. 172. 173. 174. 175. 176. 177. 178. 179. 180. 181. 182.
   183. 184. 185. 186. 187.]]]
layer   17 nstripe    1 stride    1 sdepth   6016 wdepth    292 rate 2.599e+08 nmac      1 shapes [ 1 20 47 32] [ 1 18 45 32] [32  3  3 32] [32]
l.stripe.shape (180,) [  0.   1.   2.   3.   4.   5.   6.   7.   8.   9.  10.  11.  12.  13.
  14.  15.  16.  17.  18.  19.  20.  21.  22.  23.  24.  25.  26.  27.
  28.  29.  30.  31.  32.  33.  34.  35.  36.  37.  38.  39.  40.  41.
  42.  43.  44.  45.  46.  47.  48.  49.  50.  51.  52.  53.  54.  55.
  56.  57.  58.  59.  60.  61.  62.  63.  64.  65.  66.  67.  68.  69.
  70.  71.  72.  73.  74.  75.  76.  77.  78.  79.  80.  81.  82.  83.
  84.  85.  86.  87.  88.  89.  90.  91.  92.  93.  94.  95.  96.  97.
  98.  99. 100. 101. 102. 103. 104. 105. 106. 107. 108. 109. 110. 111.
 112. 113. 114. 115. 116. 117. 118. 119. 120. 121. 122. 123. 124. 125.
 126. 127. 128. 129. 130. 131. 132. 133. 134. 135. 136. 137. 138. 139.
 140. 141. 142. 143. 144. 145. 146. 147. 148. 149. 150. 151. 152. 153.
 154. 155. 156. 157. 158. 159. 160. 161. 162. 163. 164. 165. 166. 167.
 168. 169. 170. 171. 172. 173. 174. 175. 176. 177. 178. 179.]
l.stripe.shape (4, 45, 1) [[[  0.]
  [  1.]
  [  2.]
  [  3.]
  [  4.]
  [  5.]
  [  6.]
  [  7.]
  [  8.]
  [  9.]
  [ 10.]
  [ 11.]
  [ 12.]
  [ 13.]
  [ 14.]
  [ 15.]
  [ 16.]
  [ 17.]
  [ 18.]
  [ 19.]
  [ 20.]
  [ 21.]
  [ 22.]
  [ 23.]
  [ 24.]
  [ 25.]
  [ 26.]
  [ 27.]
  [ 28.]
  [ 29.]
  [ 30.]
  [ 31.]
  [ 32.]
  [ 33.]
  [ 34.]
  [ 35.]
  [ 36.]
  [ 37.]
  [ 38.]
  [ 39.]
  [ 40.]
  [ 41.]
  [ 42.]
  [ 43.]
  [ 44.]]

 [[ 45.]
  [ 46.]
  [ 47.]
  [ 48.]
  [ 49.]
  [ 50.]
  [ 51.]
  [ 52.]
  [ 53.]
  [ 54.]
  [ 55.]
  [ 56.]
  [ 57.]
  [ 58.]
  [ 59.]
  [ 60.]
  [ 61.]
  [ 62.]
  [ 63.]
  [ 64.]
  [ 65.]
  [ 66.]
  [ 67.]
  [ 68.]
  [ 69.]
  [ 70.]
  [ 71.]
  [ 72.]
  [ 73.]
  [ 74.]
  [ 75.]
  [ 76.]
  [ 77.]
  [ 78.]
  [ 79.]
  [ 80.]
  [ 81.]
  [ 82.]
  [ 83.]
  [ 84.]
  [ 85.]
  [ 86.]
  [ 87.]
  [ 88.]
  [ 89.]]

 [[ 90.]
  [ 91.]
  [ 92.]
  [ 93.]
  [ 94.]
  [ 95.]
  [ 96.]
  [ 97.]
  [ 98.]
  [ 99.]
  [100.]
  [101.]
  [102.]
  [103.]
  [104.]
  [105.]
  [106.]
  [107.]
  [108.]
  [109.]
  [110.]
  [111.]
  [112.]
  [113.]
  [114.]
  [115.]
  [116.]
  [117.]
  [118.]
  [119.]
  [120.]
  [121.]
  [122.]
  [123.]
  [124.]
  [125.]
  [126.]
  [127.]
  [128.]
  [129.]
  [130.]
  [131.]
  [132.]
  [133.]
  [134.]]

 [[135.]
  [136.]
  [137.]
  [138.]
  [139.]
  [140.]
  [141.]
  [142.]
  [143.]
  [144.]
  [145.]
  [146.]
  [147.]
  [148.]
  [149.]
  [150.]
  [151.]
  [152.]
  [153.]
  [154.]
  [155.]
  [156.]
  [157.]
  [158.]
  [159.]
  [160.]
  [161.]
  [162.]
  [163.]
  [164.]
  [165.]
  [166.]
  [167.]
  [168.]
  [169.]
  [170.]
  [171.]
  [172.]
  [173.]
  [174.]
  [175.]
  [176.]
  [177.]
  [178.]
  [179.]]]
l.stripe.shape (4, 1, 45) [[[  0.   1.   2.   3.   4.   5.   6.   7.   8.   9.  10.  11.  12.  13.
    14.  15.  16.  17.  18.  19.  20.  21.  22.  23.  24.  25.  26.  27.
    28.  29.  30.  31.  32.  33.  34.  35.  36.  37.  38.  39.  40.  41.
    42.  43.  44.]]

 [[ 45.  46.  47.  48.  49.  50.  51.  52.  53.  54.  55.  56.  57.  58.
    59.  60.  61.  62.  63.  64.  65.  66.  67.  68.  69.  70.  71.  72.
    73.  74.  75.  76.  77.  78.  79.  80.  81.  82.  83.  84.  85.  86.
    87.  88.  89.]]

 [[ 90.  91.  92.  93.  94.  95.  96.  97.  98.  99. 100. 101. 102. 103.
   104. 105. 106. 107. 108. 109. 110. 111. 112. 113. 114. 115. 116. 117.
   118. 119. 120. 121. 122. 123. 124. 125. 126. 127. 128. 129. 130. 131.
   132. 133. 134.]]

 [[135. 136. 137. 138. 139. 140. 141. 142. 143. 144. 145. 146. 147. 148.
   149. 150. 151. 152. 153. 154. 155. 156. 157. 158. 159. 160. 161. 162.
   163. 164. 165. 166. 167. 168. 169. 170. 171. 172. 173. 174. 175. 176.
   177. 178. 179.]]]
layer   18 nstripe    1 stride    1 sdepth   5760 wdepth    292 rate 2.239e+08 nmac      1 shapes [ 1 18 45 32] [ 1 16 43 32] [32  3  3 32] [32]
l.stripe.shape (172,) [  0.   1.   2.   3.   4.   5.   6.   7.   8.   9.  10.  11.  12.  13.
  14.  15.  16.  17.  18.  19.  20.  21.  22.  23.  24.  25.  26.  27.
  28.  29.  30.  31.  32.  33.  34.  35.  36.  37.  38.  39.  40.  41.
  42.  43.  44.  45.  46.  47.  48.  49.  50.  51.  52.  53.  54.  55.
  56.  57.  58.  59.  60.  61.  62.  63.  64.  65.  66.  67.  68.  69.
  70.  71.  72.  73.  74.  75.  76.  77.  78.  79.  80.  81.  82.  83.
  84.  85.  86.  87.  88.  89.  90.  91.  92.  93.  94.  95.  96.  97.
  98.  99. 100. 101. 102. 103. 104. 105. 106. 107. 108. 109. 110. 111.
 112. 113. 114. 115. 116. 117. 118. 119. 120. 121. 122. 123. 124. 125.
 126. 127. 128. 129. 130. 131. 132. 133. 134. 135. 136. 137. 138. 139.
 140. 141. 142. 143. 144. 145. 146. 147. 148. 149. 150. 151. 152. 153.
 154. 155. 156. 157. 158. 159. 160. 161. 162. 163. 164. 165. 166. 167.
 168. 169. 170. 171.]
l.stripe.shape (4, 43, 1) [[[  0.]
  [  1.]
  [  2.]
  [  3.]
  [  4.]
  [  5.]
  [  6.]
  [  7.]
  [  8.]
  [  9.]
  [ 10.]
  [ 11.]
  [ 12.]
  [ 13.]
  [ 14.]
  [ 15.]
  [ 16.]
  [ 17.]
  [ 18.]
  [ 19.]
  [ 20.]
  [ 21.]
  [ 22.]
  [ 23.]
  [ 24.]
  [ 25.]
  [ 26.]
  [ 27.]
  [ 28.]
  [ 29.]
  [ 30.]
  [ 31.]
  [ 32.]
  [ 33.]
  [ 34.]
  [ 35.]
  [ 36.]
  [ 37.]
  [ 38.]
  [ 39.]
  [ 40.]
  [ 41.]
  [ 42.]]

 [[ 43.]
  [ 44.]
  [ 45.]
  [ 46.]
  [ 47.]
  [ 48.]
  [ 49.]
  [ 50.]
  [ 51.]
  [ 52.]
  [ 53.]
  [ 54.]
  [ 55.]
  [ 56.]
  [ 57.]
  [ 58.]
  [ 59.]
  [ 60.]
  [ 61.]
  [ 62.]
  [ 63.]
  [ 64.]
  [ 65.]
  [ 66.]
  [ 67.]
  [ 68.]
  [ 69.]
  [ 70.]
  [ 71.]
  [ 72.]
  [ 73.]
  [ 74.]
  [ 75.]
  [ 76.]
  [ 77.]
  [ 78.]
  [ 79.]
  [ 80.]
  [ 81.]
  [ 82.]
  [ 83.]
  [ 84.]
  [ 85.]]

 [[ 86.]
  [ 87.]
  [ 88.]
  [ 89.]
  [ 90.]
  [ 91.]
  [ 92.]
  [ 93.]
  [ 94.]
  [ 95.]
  [ 96.]
  [ 97.]
  [ 98.]
  [ 99.]
  [100.]
  [101.]
  [102.]
  [103.]
  [104.]
  [105.]
  [106.]
  [107.]
  [108.]
  [109.]
  [110.]
  [111.]
  [112.]
  [113.]
  [114.]
  [115.]
  [116.]
  [117.]
  [118.]
  [119.]
  [120.]
  [121.]
  [122.]
  [123.]
  [124.]
  [125.]
  [126.]
  [127.]
  [128.]]

 [[129.]
  [130.]
  [131.]
  [132.]
  [133.]
  [134.]
  [135.]
  [136.]
  [137.]
  [138.]
  [139.]
  [140.]
  [141.]
  [142.]
  [143.]
  [144.]
  [145.]
  [146.]
  [147.]
  [148.]
  [149.]
  [150.]
  [151.]
  [152.]
  [153.]
  [154.]
  [155.]
  [156.]
  [157.]
  [158.]
  [159.]
  [160.]
  [161.]
  [162.]
  [163.]
  [164.]
  [165.]
  [166.]
  [167.]
  [168.]
  [169.]
  [170.]
  [171.]]]
l.stripe.shape (4, 1, 43) [[[  0.   1.   2.   3.   4.   5.   6.   7.   8.   9.  10.  11.  12.  13.
    14.  15.  16.  17.  18.  19.  20.  21.  22.  23.  24.  25.  26.  27.
    28.  29.  30.  31.  32.  33.  34.  35.  36.  37.  38.  39.  40.  41.
    42.]]

 [[ 43.  44.  45.  46.  47.  48.  49.  50.  51.  52.  53.  54.  55.  56.
    57.  58.  59.  60.  61.  62.  63.  64.  65.  66.  67.  68.  69.  70.
    71.  72.  73.  74.  75.  76.  77.  78.  79.  80.  81.  82.  83.  84.
    85.]]

 [[ 86.  87.  88.  89.  90.  91.  92.  93.  94.  95.  96.  97.  98.  99.
   100. 101. 102. 103. 104. 105. 106. 107. 108. 109. 110. 111. 112. 113.
   114. 115. 116. 117. 118. 119. 120. 121. 122. 123. 124. 125. 126. 127.
   128.]]

 [[129. 130. 131. 132. 133. 134. 135. 136. 137. 138. 139. 140. 141. 142.
   143. 144. 145. 146. 147. 148. 149. 150. 151. 152. 153. 154. 155. 156.
   157. 158. 159. 160. 161. 162. 163. 164. 165. 166. 167. 168. 169. 170.
   171.]]]
layer   19 nstripe    1 stride    1 sdepth   5504 wdepth    292 rate 1.902e+08 nmac      1 shapes [ 1 16 43 32] [ 1 14 41 32] [32  3  3 32] [32]

total stripe RAM bits     79176000
total weight RAM bits       748224
total required MAC units          526
total used MAC units          888
